Original
R0
999999 20 30 10 11
15 999999 16 4 2
3 5 999999 2 4
19 6 18 999999 3
16 4 7 16 999999

Init Reduce
R1
999988 10 17 0 1
12 999997 11 2 0
0 3 999994 0 2
15 3 12 999996 0
11 0 0 12 999995
LB 25

 Null src
R1
999999 999999 999999 999999 999999
12 999997 11 2 0
0 3 999994 0 2
15 3 12 999996 0
11 0 0 12 999995

Null dest for 1
R2
999999 999999 999999 999999 999999
999999 999999 11 2 0
0 999999 999994 0 2
15 999999 12 999996 0
11 999999 0 12 999995
Cost 35

Null dest for 2
R2
999977 999999 999999 999999 999999
1 999997 999999 2 0
999988 3 999999 0 2
4 3 999999 999996 0
0 0 999999 12 999995
Cost 53

Null dest for 3
R2
999988 999999 999999 999999 999999
12 999997 11 999999 0
0 3 999994 999999 2
999999 3 12 999999 0
11 0 0 999999 999995
Cost 25

Null dest for 4
R2
999988 999999 999999 999999 999999
10 999995 9 0 999997
0 3 999994 0 999999
12 0 9 999993 999996
999999 0 0 12 999999
Cost 31

R2
999988 999999 999999 999999 999999
12 999997 11 999999 0
0 3 999994 999999 2
999999 3 12 999999 0
11 0 0 999999 999995
Cost 25
left2 over 1
left2 over 2
left2 over 4

Null dest for 1
R3
999988 999999 999999 999999 999999
999999 999999 11 999999 0
0 999999 999994 999999 2
999999 999999 999999 999999 999999
11 999999 0 999999 999995
Cost 28

Null dest for 2
R3
999977 999999 999999 999999 999999
1 999997 999999 999999 0
999986 1 999997 999997 0
999988 999999 999999 999999 999999
0 0 999999 999999 999995
Cost 50

Null dest for 4
R3
999988 999999 999999 999999 999999
1 999986 0 999988 999988
0 3 999994 999999 999999
999999 999999 999999 999999 999999
999999 0 0 999999 999999
Cost 36

R3
999988 999999 999999 999999 999999
999999 999999 11 999999 0
0 999999 999994 999999 2
999999 999999 999999 999999 999999
11 999999 0 999999 999995
Cost 28
left3 over 2
left3 over 4

Null dest for 2
R4
999988 999999 999999 999999 999999
999999 999999 999999 999999 999999
999997 999997 999997 999997 0
999999 999999 999999 999999 999999
0 999988 999988 999988 999984
Cost 52

Null dest for 4
R4
999988 999999 999999 999999 999999
999999 999999 999999 999999 999999
0 999999 999994 999999 999999
999999 999999 999999 999999 999999
999999 999999 0 999999 999999
Cost 28

R4
999988 999999 999999 999999 999999
999999 999999 999999 999999 999999
0 999999 999994 999999 999999
999999 999999 999999 999999 999999
999999 999999 0 999999 999999
Cost 28
left4 over 2

Null dest for 2
R5
999988 999999 999999 999999 999999
999999 999999 999999 999999 999999
999999 999999 999999 999999 999999
999999 999999 999999 999999 999999
999999 999999 999999 999999 999999
Cost 28

R5
999988 999999 999999 999999 999999
999999 999999 999999 999999 999999
999999 999999 999999 999999 999999
999999 999999 999999 999999 999999
999999 999999 999999 999999 999999
Cost 28
order 0
order 3
order 1
order 4
order 2
It took me 568 clicks (0.000568 seconds).