99999999, 2, 4, 6, 8, 10, 12, 14, 16, 18, 20, 22, 24, 26, 28, 30, 32, 34, 15, 17, 19, 21, 23, 7, 9, 11, 13, 15, 17, 19, 21, 23, 25, 11, 13, 15, 17, 19, 21, 23, 25, 27, 13, 15, 17, 19, 21, 23, 25, 27, 29, 15, 17, 19, 21, 23, 25, 27, 29, 31, 17, 19, 21, 23, 25, 27, 29, 31, 33, 19, 21, 23, 25, 27, 29, 31, 33, 35, 17, 19, 21, 23, 25, 27, 29, 31, 33, 35, 37, 27, 29, 
2, 99999999, 4, 6, 8, 10, 12, 14, 16, 18, 20, 22, 24, 26, 28, 30, 32, 34, 13, 17, 19, 21, 23, 5, 7, 9, 11, 13, 15, 17, 19, 21, 23, 9, 11, 13, 15, 17, 19, 21, 23, 25, 11, 13, 15, 17, 19, 21, 23, 25, 27, 13, 15, 17, 19, 21, 23, 25, 27, 29, 15, 17, 19, 21, 23, 25, 27, 29, 31, 17, 19, 21, 23, 25, 27, 29, 31, 33, 17, 17, 19, 21, 23, 25, 27, 29, 31, 33, 35, 25, 27, 
4, 4, 99999999, 4, 6, 8, 10, 12, 14, 16, 18, 20, 22, 24, 26, 28, 30, 32, 11, 15, 17, 19, 21, 3, 5, 7, 9, 11, 13, 15, 17, 19, 21, 7, 9, 11, 13, 15, 17, 19, 21, 23, 9, 11, 13, 15, 17, 19, 21, 23, 25, 11, 13, 15, 17, 19, 21, 23, 25, 27, 13, 15, 17, 19, 21, 23, 25, 27, 29, 15, 17, 19, 21, 23, 25, 27, 29, 31, 17, 15, 17, 19, 21, 23, 25, 27, 29, 31, 33, 23, 25, 
6, 6, 4, 99999999, 2, 6, 8, 10, 12, 14, 16, 18, 20, 22, 24, 26, 28, 30, 9, 13, 15, 17, 19, 5, 3, 5, 7, 9, 11, 13, 15, 17, 19, 5, 7, 9, 11, 13, 15, 17, 19, 21, 7, 9, 11, 13, 15, 17, 19, 21, 23, 9, 11, 13, 15, 17, 19, 21, 23, 25, 11, 13, 15, 17, 19, 21, 23, 25, 27, 13, 15, 17, 19, 21, 23, 25, 27, 29, 19, 17, 15, 17, 19, 21, 23, 25, 27, 29, 31, 21, 23, 
8, 8, 6, 2, 99999999, 4, 6, 8, 10, 12, 14, 16, 18, 20, 22, 24, 26, 28, 7, 11, 13, 15, 17, 7, 5, 3, 5, 7, 9, 11, 13, 15, 17, 7, 5, 7, 9, 11, 13, 15, 17, 19, 9, 7, 9, 11, 13, 15, 17, 19, 21, 11, 9, 11, 13, 15, 17, 19, 21, 23, 13, 11, 13, 15, 17, 19, 21, 23, 25, 15, 13, 15, 17, 19, 21, 23, 25, 27, 21, 19, 17, 15, 17, 19, 21, 23, 25, 27, 29, 19, 21, 
10, 10, 8, 6, 4, 99999999, 4, 6, 8, 10, 12, 14, 16, 18, 20, 22, 24, 26, 5, 9, 11, 13, 15, 9, 7, 5, 3, 5, 7, 9, 11, 13, 15, 9, 7, 5, 7, 9, 11, 13, 15, 17, 11, 9, 7, 9, 11, 13, 15, 17, 19, 13, 11, 9, 11, 13, 15, 17, 19, 21, 15, 13, 11, 13, 15, 17, 19, 21, 23, 17, 15, 13, 15, 17, 19, 21, 23, 25, 23, 21, 19, 17, 15, 17, 19, 21, 23, 25, 27, 17, 19, 
12, 12, 10, 8, 6, 4, 99999999, 4, 6, 8, 10, 12, 14, 16, 18, 20, 22, 24, 3, 7, 9, 11, 13, 11, 9, 7, 5, 3, 5, 7, 9, 11, 13, 11, 9, 7, 5, 7, 9, 11, 13, 15, 13, 11, 9, 7, 9, 11, 13, 15, 17, 15, 13, 11, 9, 11, 13, 15, 17, 19, 17, 15, 13, 11, 13, 15, 17, 19, 21, 19, 17, 15, 13, 15, 17, 19, 21, 23, 25, 23, 21, 19, 17, 15, 17, 19, 21, 23, 25, 19, 17, 
14, 14, 12, 10, 8, 6, 4, 99999999, 4, 6, 8, 10, 12, 14, 16, 18, 20, 22, 1, 5, 7, 9, 11, 13, 11, 9, 7, 5, 3, 5, 7, 9, 11, 13, 11, 9, 7, 5, 7, 9, 11, 13, 15, 13, 11, 9, 7, 9, 11, 13, 15, 17, 15, 13, 11, 9, 11, 13, 15, 17, 19, 17, 15, 13, 11, 13, 15, 17, 19, 21, 19, 17, 15, 13, 15, 17, 19, 21, 27, 25, 23, 21, 19, 17, 15, 17, 19, 21, 23, 21, 19, 
16, 16, 14, 12, 10, 8, 6, 4, 99999999, 4, 6, 8, 10, 12, 14, 16, 18, 20, 5, 1, 5, 7, 9, 15, 13, 11, 9, 7, 5, 3, 5, 7, 9, 15, 13, 11, 9, 7, 5, 7, 9, 11, 17, 15, 13, 11, 9, 7, 9, 11, 13, 19, 17, 15, 13, 11, 9, 11, 13, 15, 21, 19, 17, 15, 13, 11, 13, 15, 17, 23, 21, 19, 17, 15, 13, 15, 17, 19, 29, 27, 25, 23, 21, 19, 17, 15, 17, 19, 21, 23, 21, 
18, 18, 16, 14, 12, 10, 8, 6, 4, 99999999, 4, 6, 8, 10, 12, 14, 16, 18, 7, 5, 1, 5, 7, 17, 15, 13, 11, 9, 7, 5, 3, 5, 7, 17, 15, 13, 11, 9, 7, 5, 7, 9, 19, 17, 15, 13, 11, 9, 7, 9, 11, 21, 19, 17, 15, 13, 11, 9, 11, 13, 23, 21, 19, 17, 15, 13, 11, 13, 15, 25, 23, 21, 19, 17, 15, 13, 15, 17, 31, 29, 27, 25, 23, 21, 19, 17, 15, 17, 19, 25, 23, 
20, 20, 18, 16, 14, 12, 10, 8, 6, 4, 99999999, 4, 6, 8, 10, 12, 14, 16, 9, 7, 5, 1, 5, 19, 17, 15, 13, 11, 9, 7, 5, 3, 5, 19, 17, 15, 13, 11, 9, 7, 5, 7, 21, 19, 17, 15, 13, 11, 9, 7, 9, 23, 21, 19, 17, 15, 13, 11, 9, 11, 25, 23, 21, 19, 17, 15, 13, 11, 13, 27, 25, 23, 21, 19, 17, 15, 13, 15, 33, 31, 29, 27, 25, 23, 21, 19, 17, 15, 17, 27, 25, 
22, 22, 20, 18, 16, 14, 12, 10, 8, 6, 4, 99999999, 4, 6, 8, 10, 12, 14, 11, 9, 7, 5, 1, 21, 19, 17, 15, 13, 11, 9, 7, 5, 3, 21, 19, 17, 15, 13, 11, 9, 7, 5, 23, 21, 19, 17, 15, 13, 11, 9, 7, 25, 23, 21, 19, 17, 15, 13, 11, 9, 27, 25, 23, 21, 19, 17, 15, 13, 11, 29, 27, 25, 23, 21, 19, 17, 15, 13, 35, 33, 31, 29, 27, 25, 23, 21, 19, 17, 15, 29, 27, 
24, 24, 22, 20, 18, 16, 14, 12, 10, 8, 6, 4, 99999999, 4, 6, 8, 10, 12, 13, 11, 9, 7, 3, 23, 21, 19, 17, 15, 13, 11, 9, 7, 5, 23, 21, 19, 17, 15, 13, 11, 9, 7, 25, 23, 21, 19, 17, 15, 13, 11, 9, 27, 25, 23, 21, 19, 17, 15, 13, 11, 29, 27, 25, 23, 21, 19, 17, 15, 13, 31, 29, 27, 25, 23, 21, 19, 17, 15, 37, 35, 33, 31, 29, 27, 25, 23, 21, 19, 17, 31, 29, 
26, 26, 24, 22, 20, 18, 16, 14, 12, 10, 8, 6, 4, 99999999, 4, 6, 8, 10, 15, 13, 11, 9, 5, 25, 23, 21, 19, 17, 15, 13, 11, 9, 7, 25, 23, 21, 19, 17, 15, 13, 11, 9, 27, 25, 23, 21, 19, 17, 15, 13, 11, 29, 27, 25, 23, 21, 19, 17, 15, 13, 31, 29, 27, 25, 23, 21, 19, 17, 15, 33, 31, 29, 27, 25, 23, 21, 19, 17, 39, 37, 35, 33, 31, 29, 27, 25, 23, 21, 19, 33, 31, 
28, 28, 26, 24, 22, 20, 18, 16, 14, 12, 10, 8, 6, 4, 99999999, 4, 6, 8, 17, 15, 13, 11, 7, 27, 25, 23, 21, 19, 17, 15, 13, 11, 9, 27, 25, 23, 21, 19, 17, 15, 13, 11, 29, 27, 25, 23, 21, 19, 17, 15, 13, 31, 29, 27, 25, 23, 21, 19, 17, 15, 33, 31, 29, 27, 25, 23, 21, 19, 17, 35, 33, 31, 29, 27, 25, 23, 21, 19, 41, 39, 37, 35, 33, 31, 29, 27, 25, 23, 21, 35, 33, 
30, 30, 28, 26, 24, 22, 20, 18, 16, 14, 12, 10, 8, 6, 4, 99999999, 4, 6, 19, 17, 15, 13, 9, 29, 27, 25, 23, 21, 19, 17, 15, 13, 11, 29, 27, 25, 23, 21, 19, 17, 15, 13, 31, 29, 27, 25, 23, 21, 19, 17, 15, 33, 31, 29, 27, 25, 23, 21, 19, 17, 35, 33, 31, 29, 27, 25, 23, 21, 19, 37, 35, 33, 31, 29, 27, 25, 23, 21, 43, 41, 39, 37, 35, 33, 31, 29, 27, 25, 23, 37, 35, 
32, 32, 30, 28, 26, 24, 22, 20, 18, 16, 14, 12, 10, 8, 6, 4, 99999999, 4, 21, 19, 17, 15, 11, 31, 29, 27, 25, 23, 21, 19, 17, 15, 13, 31, 29, 27, 25, 23, 21, 19, 17, 15, 33, 31, 29, 27, 25, 23, 21, 19, 17, 35, 33, 31, 29, 27, 25, 23, 21, 19, 37, 35, 33, 31, 29, 27, 25, 23, 21, 39, 37, 35, 33, 31, 29, 27, 25, 23, 45, 43, 41, 39, 37, 35, 33, 31, 29, 27, 25, 39, 37, 
34, 34, 32, 30, 28, 26, 24, 22, 20, 18, 16, 14, 12, 10, 8, 6, 4, 99999999, 23, 21, 19, 17, 13, 33, 31, 29, 27, 25, 23, 21, 19, 17, 15, 33, 31, 29, 27, 25, 23, 21, 19, 17, 35, 33, 31, 29, 27, 25, 23, 21, 19, 37, 35, 33, 31, 29, 27, 25, 23, 21, 39, 37, 35, 33, 31, 29, 27, 25, 23, 41, 39, 37, 35, 33, 31, 29, 27, 25, 47, 45, 43, 41, 39, 37, 35, 33, 31, 29, 27, 41, 39, 
15, 13, 11, 9, 7, 5, 3, 1, 5, 7, 9, 11, 13, 15, 17, 19, 21, 23, 99999999, 4, 6, 8, 10, 12, 10, 8, 6, 4, 2, 4, 6, 8, 10, 12, 10, 8, 6, 4, 6, 8, 10, 12, 14, 12, 10, 8, 6, 8, 10, 12, 14, 16, 14, 12, 10, 8, 10, 12, 14, 16, 18, 16, 14, 12, 10, 12, 14, 16, 18, 20, 18, 16, 14, 12, 14, 16, 18, 20, 26, 24, 22, 20, 18, 16, 14, 16, 18, 20, 22, 20, 18, 
17, 17, 15, 13, 11, 9, 7, 5, 1, 5, 7, 9, 11, 13, 15, 17, 19, 21, 4, 99999999, 4, 6, 8, 14, 12, 10, 8, 6, 4, 2, 4, 6, 8, 14, 12, 10, 8, 6, 4, 6, 8, 10, 16, 14, 12, 10, 8, 6, 8, 10, 12, 18, 16, 14, 12, 10, 8, 10, 12, 14, 20, 18, 16, 14, 12, 10, 12, 14, 16, 22, 20, 18, 16, 14, 12, 14, 16, 18, 28, 26, 24, 22, 20, 18, 16, 14, 16, 18, 20, 22, 20, 
19, 19, 17, 15, 13, 11, 9, 7, 5, 1, 5, 7, 9, 11, 13, 15, 17, 19, 6, 4, 99999999, 4, 6, 16, 14, 12, 10, 8, 6, 4, 2, 4, 6, 16, 14, 12, 10, 8, 6, 4, 6, 8, 18, 16, 14, 12, 10, 8, 6, 8, 10, 20, 18, 16, 14, 12, 10, 8, 10, 12, 22, 20, 18, 16, 14, 12, 10, 12, 14, 24, 22, 20, 18, 16, 14, 12, 14, 16, 30, 28, 26, 24, 22, 20, 18, 16, 14, 16, 18, 24, 22, 
21, 21, 19, 17, 15, 13, 11, 9, 7, 5, 1, 5, 7, 9, 11, 13, 15, 17, 8, 6, 4, 99999999, 4, 18, 16, 14, 12, 10, 8, 6, 4, 2, 4, 18, 16, 14, 12, 10, 8, 6, 4, 6, 20, 18, 16, 14, 12, 10, 8, 6, 8, 22, 20, 18, 16, 14, 12, 10, 8, 10, 24, 22, 20, 18, 16, 14, 12, 10, 12, 26, 24, 22, 20, 18, 16, 14, 12, 14, 32, 30, 28, 26, 24, 22, 20, 18, 16, 14, 16, 26, 24, 
23, 23, 21, 19, 17, 15, 13, 11, 9, 7, 5, 1, 3, 5, 7, 9, 11, 13, 10, 8, 6, 4, 99999999, 20, 18, 16, 14, 12, 10, 8, 6, 4, 2, 20, 18, 16, 14, 12, 10, 8, 6, 4, 22, 20, 18, 16, 14, 12, 10, 8, 6, 24, 22, 20, 18, 16, 14, 12, 10, 8, 26, 24, 22, 20, 18, 16, 14, 12, 10, 28, 26, 24, 22, 20, 18, 16, 14, 12, 34, 32, 30, 28, 26, 24, 22, 20, 18, 16, 14, 28, 26, 
7, 5, 3, 5, 7, 9, 11, 13, 15, 17, 19, 21, 23, 25, 27, 29, 31, 33, 12, 14, 16, 18, 20, 99999999, 4, 6, 8, 10, 12, 14, 16, 18, 20, 4, 6, 8, 10, 12, 14, 16, 18, 20, 6, 8, 10, 12, 14, 16, 18, 20, 22, 8, 10, 12, 14, 16, 18, 20, 22, 24, 10, 12, 14, 16, 18, 20, 22, 24, 26, 12, 14, 16, 18, 20, 22, 24, 26, 28, 14, 12, 14, 16, 18, 20, 22, 24, 26, 28, 30, 20, 22, 
9, 7, 5, 3, 5, 7, 9, 11, 13, 15, 17, 19, 21, 23, 25, 27, 29, 31, 10, 12, 14, 16, 18, 4, 99999999, 4, 6, 8, 10, 12, 14, 16, 18, 2, 4, 6, 8, 10, 12, 14, 16, 18, 4, 6, 8, 10, 12, 14, 16, 18, 20, 6, 8, 10, 12, 14, 16, 18, 20, 22, 8, 10, 12, 14, 16, 18, 20, 22, 24, 10, 12, 14, 16, 18, 20, 22, 24, 26, 16, 14, 12, 14, 16, 18, 20, 22, 24, 26, 28, 18, 20, 
11, 9, 7, 5, 3, 5, 7, 9, 11, 13, 15, 17, 19, 21, 23, 25, 27, 29, 8, 10, 12, 14, 16, 6, 4, 99999999, 4, 6, 8, 10, 12, 14, 16, 4, 2, 4, 6, 8, 10, 12, 14, 16, 6, 4, 6, 8, 10, 12, 14, 16, 18, 8, 6, 8, 10, 12, 14, 16, 18, 20, 10, 8, 10, 12, 14, 16, 18, 20, 22, 12, 10, 12, 14, 16, 18, 20, 22, 24, 18, 16, 14, 12, 14, 16, 18, 20, 22, 24, 26, 16, 18, 
13, 11, 9, 7, 5, 3, 5, 7, 9, 11, 13, 15, 17, 19, 21, 23, 25, 27, 6, 8, 10, 12, 14, 8, 6, 4, 99999999, 4, 6, 8, 10, 12, 14, 6, 4, 2, 4, 6, 8, 10, 12, 14, 8, 6, 4, 6, 8, 10, 12, 14, 16, 10, 8, 6, 8, 10, 12, 14, 16, 18, 12, 10, 8, 10, 12, 14, 16, 18, 20, 14, 12, 10, 12, 14, 16, 18, 20, 22, 20, 18, 16, 14, 12, 14, 16, 18, 20, 22, 24, 14, 16, 
15, 13, 11, 9, 7, 5, 3, 5, 7, 9, 11, 13, 15, 17, 19, 21, 23, 25, 4, 6, 8, 10, 12, 10, 8, 6, 4, 99999999, 4, 6, 8, 10, 12, 8, 6, 4, 2, 4, 6, 8, 10, 12, 10, 8, 6, 4, 6, 8, 10, 12, 14, 12, 10, 8, 6, 8, 10, 12, 14, 16, 14, 12, 10, 8, 10, 12, 14, 16, 18, 16, 14, 12, 10, 12, 14, 16, 18, 20, 22, 20, 18, 16, 14, 12, 14, 16, 18, 20, 22, 16, 14, 
17, 15, 13, 11, 9, 7, 5, 3, 5, 7, 9, 11, 13, 15, 17, 19, 21, 23, 2, 4, 6, 8, 10, 12, 10, 8, 6, 4, 99999999, 4, 6, 8, 10, 10, 8, 6, 4, 2, 4, 6, 8, 10, 12, 10, 8, 6, 4, 6, 8, 10, 12, 14, 12, 10, 8, 6, 8, 10, 12, 14, 16, 14, 12, 10, 8, 10, 12, 14, 16, 18, 16, 14, 12, 10, 12, 14, 16, 18, 24, 22, 20, 18, 16, 14, 12, 14, 16, 18, 20, 18, 16, 
19, 17, 15, 13, 11, 9, 7, 5, 3, 5, 7, 9, 11, 13, 15, 17, 19, 21, 4, 2, 4, 6, 8, 14, 12, 10, 8, 6, 4, 99999999, 4, 6, 8, 12, 10, 8, 6, 4, 2, 4, 6, 8, 14, 12, 10, 8, 6, 4, 6, 8, 10, 16, 14, 12, 10, 8, 6, 8, 10, 12, 18, 16, 14, 12, 10, 8, 10, 12, 14, 20, 18, 16, 14, 12, 10, 12, 14, 16, 26, 24, 22, 20, 18, 16, 14, 12, 14, 16, 18, 20, 18, 
21, 19, 17, 15, 13, 11, 9, 7, 5, 3, 5, 7, 9, 11, 13, 15, 17, 19, 6, 4, 2, 4, 6, 16, 14, 12, 10, 8, 6, 4, 99999999, 4, 6, 14, 12, 10, 8, 6, 4, 2, 4, 6, 16, 14, 12, 10, 8, 6, 4, 6, 8, 18, 16, 14, 12, 10, 8, 6, 8, 10, 20, 18, 16, 14, 12, 10, 8, 10, 12, 22, 20, 18, 16, 14, 12, 10, 12, 14, 28, 26, 24, 22, 20, 18, 16, 14, 12, 14, 16, 22, 20, 
23, 21, 19, 17, 15, 13, 11, 9, 7, 5, 3, 5, 7, 9, 11, 13, 15, 17, 8, 6, 4, 2, 4, 18, 16, 14, 12, 10, 8, 6, 4, 99999999, 4, 16, 14, 12, 10, 8, 6, 4, 2, 4, 18, 16, 14, 12, 10, 8, 6, 4, 6, 20, 18, 16, 14, 12, 10, 8, 6, 8, 22, 20, 18, 16, 14, 12, 10, 8, 10, 24, 22, 20, 18, 16, 14, 12, 10, 12, 30, 28, 26, 24, 22, 20, 18, 16, 14, 12, 14, 24, 22, 
25, 23, 21, 19, 17, 15, 13, 11, 9, 7, 5, 3, 5, 7, 9, 11, 13, 15, 10, 8, 6, 4, 2, 20, 18, 16, 14, 12, 10, 8, 6, 4, 99999999, 18, 16, 14, 12, 10, 8, 6, 4, 2, 20, 18, 16, 14, 12, 10, 8, 6, 4, 22, 20, 18, 16, 14, 12, 10, 8, 6, 24, 22, 20, 18, 16, 14, 12, 10, 8, 26, 24, 22, 20, 18, 16, 14, 12, 10, 32, 30, 28, 26, 24, 22, 20, 18, 16, 14, 12, 26, 24, 
11, 9, 7, 5, 7, 9, 11, 13, 15, 17, 19, 21, 23, 25, 27, 29, 31, 33, 12, 14, 16, 18, 20, 4, 2, 4, 6, 8, 10, 12, 14, 16, 18, 99999999, 4, 6, 8, 10, 12, 14, 16, 18, 2, 4, 6, 8, 10, 12, 14, 16, 18, 4, 6, 8, 10, 12, 14, 16, 18, 20, 6, 8, 10, 12, 14, 16, 18, 20, 22, 8, 10, 12, 14, 16, 18, 20, 22, 24, 14, 12, 10, 12, 14, 16, 18, 20, 22, 24, 26, 16, 18, 
13, 11, 9, 7, 5, 7, 9, 11, 13, 15, 17, 19, 21, 23, 25, 27, 29, 31, 10, 12, 14, 16, 18, 6, 4, 2, 4, 6, 8, 10, 12, 14, 16, 4, 99999999, 4, 6, 8, 10, 12, 14, 16, 4, 2, 4, 6, 8, 10, 12, 14, 16, 6, 4, 6, 8, 10, 12, 14, 16, 18, 8, 6, 8, 10, 12, 14, 16, 18, 20, 10, 8, 10, 12, 14, 16, 18, 20, 22, 16, 14, 12, 10, 12, 14, 16, 18, 20, 22, 24, 14, 16, 
15, 13, 11, 9, 7, 5, 7, 9, 11, 13, 15, 17, 19, 21, 23, 25, 27, 29, 8, 10, 12, 14, 16, 8, 6, 4, 2, 4, 6, 8, 10, 12, 14, 6, 4, 99999999, 4, 6, 8, 10, 12, 14, 6, 4, 2, 4, 6, 8, 10, 12, 14, 8, 6, 4, 6, 8, 10, 12, 14, 16, 10, 8, 6, 8, 10, 12, 14, 16, 18, 12, 10, 8, 10, 12, 14, 16, 18, 20, 18, 16, 14, 12, 10, 12, 14, 16, 18, 20, 22, 12, 14, 
17, 15, 13, 11, 9, 7, 5, 7, 9, 11, 13, 15, 17, 19, 21, 23, 25, 27, 6, 8, 10, 12, 14, 10, 8, 6, 4, 2, 4, 6, 8, 10, 12, 8, 6, 4, 99999999, 4, 6, 8, 10, 12, 8, 6, 4, 2, 4, 6, 8, 10, 12, 10, 8, 6, 4, 6, 8, 10, 12, 14, 12, 10, 8, 6, 8, 10, 12, 14, 16, 14, 12, 10, 8, 10, 12, 14, 16, 18, 20, 18, 16, 14, 12, 10, 12, 14, 16, 18, 20, 14, 12, 
19, 17, 15, 13, 11, 9, 7, 5, 7, 9, 11, 13, 15, 17, 19, 21, 23, 25, 4, 6, 8, 10, 12, 12, 10, 8, 6, 4, 2, 4, 6, 8, 10, 10, 8, 6, 4, 99999999, 4, 6, 8, 10, 10, 8, 6, 4, 2, 4, 6, 8, 10, 12, 10, 8, 6, 4, 6, 8, 10, 12, 14, 12, 10, 8, 6, 8, 10, 12, 14, 16, 14, 12, 10, 8, 10, 12, 14, 16, 22, 20, 18, 16, 14, 12, 10, 12, 14, 16, 18, 16, 14, 
21, 19, 17, 15, 13, 11, 9, 7, 5, 7, 9, 11, 13, 15, 17, 19, 21, 23, 6, 4, 6, 8, 10, 14, 12, 10, 8, 6, 4, 2, 4, 6, 8, 12, 10, 8, 6, 4, 99999999, 4, 6, 8, 12, 10, 8, 6, 4, 2, 4, 6, 8, 14, 12, 10, 8, 6, 4, 6, 8, 10, 16, 14, 12, 10, 8, 6, 8, 10, 12, 18, 16, 14, 12, 10, 8, 10, 12, 14, 24, 22, 20, 18, 16, 14, 12, 10, 12, 14, 16, 18, 16, 
23, 21, 19, 17, 15, 13, 11, 9, 7, 5, 7, 9, 11, 13, 15, 17, 19, 21, 8, 6, 4, 6, 8, 16, 14, 12, 10, 8, 6, 4, 2, 4, 6, 14, 12, 10, 8, 6, 4, 99999999, 4, 6, 14, 12, 10, 8, 6, 4, 2, 4, 6, 16, 14, 12, 10, 8, 6, 4, 6, 8, 18, 16, 14, 12, 10, 8, 6, 8, 10, 20, 18, 16, 14, 12, 10, 8, 10, 12, 26, 24, 22, 20, 18, 16, 14, 12, 10, 12, 14, 20, 18, 
25, 23, 21, 19, 17, 15, 13, 11, 9, 7, 5, 7, 9, 11, 13, 15, 17, 19, 10, 8, 6, 4, 6, 18, 16, 14, 12, 10, 8, 6, 4, 2, 4, 16, 14, 12, 10, 8, 6, 4, 99999999, 4, 16, 14, 12, 10, 8, 6, 4, 2, 4, 18, 16, 14, 12, 10, 8, 6, 4, 6, 20, 18, 16, 14, 12, 10, 8, 6, 8, 22, 20, 18, 16, 14, 12, 10, 8, 10, 28, 26, 24, 22, 20, 18, 16, 14, 12, 10, 12, 22, 20, 
27, 25, 23, 21, 19, 17, 15, 13, 11, 9, 7, 5, 7, 9, 11, 13, 15, 17, 12, 10, 8, 6, 4, 20, 18, 16, 14, 12, 10, 8, 6, 4, 2, 18, 16, 14, 12, 10, 8, 6, 4, 99999999, 18, 16, 14, 12, 10, 8, 6, 4, 2, 20, 18, 16, 14, 12, 10, 8, 6, 4, 22, 20, 18, 16, 14, 12, 10, 8, 6, 24, 22, 20, 18, 16, 14, 12, 10, 8, 30, 28, 26, 24, 22, 20, 18, 16, 14, 12, 10, 24, 22, 
13, 11, 9, 7, 9, 11, 13, 15, 17, 19, 21, 23, 25, 27, 29, 31, 33, 35, 14, 16, 18, 20, 22, 6, 4, 6, 8, 10, 12, 14, 16, 18, 20, 2, 4, 6, 8, 10, 12, 14, 16, 18, 99999999, 4, 6, 8, 10, 12, 14, 16, 18, 2, 4, 6, 8, 10, 12, 14, 16, 18, 4, 6, 8, 10, 12, 14, 16, 18, 20, 6, 8, 10, 12, 14, 16, 18, 20, 22, 12, 10, 8, 10, 12, 14, 16, 18, 20, 22, 24, 14, 16, 
15, 13, 11, 9, 7, 9, 11, 13, 15, 17, 19, 21, 23, 25, 27, 29, 31, 33, 12, 14, 16, 18, 20, 8, 6, 4, 6, 8, 10, 12, 14, 16, 18, 4, 2, 4, 6, 8, 10, 12, 14, 16, 4, 99999999, 4, 6, 8, 10, 12, 14, 16, 4, 2, 4, 6, 8, 10, 12, 14, 16, 6, 4, 6, 8, 10, 12, 14, 16, 18, 8, 6, 8, 10, 12, 14, 16, 18, 20, 14, 12, 10, 8, 10, 12, 14, 16, 18, 20, 22, 12, 14, 
17, 15, 13, 11, 9, 7, 9, 11, 13, 15, 17, 19, 21, 23, 25, 27, 29, 31, 10, 12, 14, 16, 18, 10, 8, 6, 4, 6, 8, 10, 12, 14, 16, 6, 4, 2, 4, 6, 8, 10, 12, 14, 6, 4, 99999999, 4, 6, 8, 10, 12, 14, 6, 4, 2, 4, 6, 8, 10, 12, 14, 8, 6, 4, 6, 8, 10, 12, 14, 16, 10, 8, 6, 8, 10, 12, 14, 16, 18, 16, 14, 12, 10, 8, 10, 12, 14, 16, 18, 20, 10, 12, 
19, 17, 15, 13, 11, 9, 7, 9, 11, 13, 15, 17, 19, 21, 23, 25, 27, 29, 8, 10, 12, 14, 16, 12, 10, 8, 6, 4, 6, 8, 10, 12, 14, 8, 6, 4, 2, 4, 6, 8, 10, 12, 8, 6, 4, 99999999, 4, 6, 8, 10, 12, 8, 6, 4, 2, 4, 6, 8, 10, 12, 10, 8, 6, 4, 6, 8, 10, 12, 14, 12, 10, 8, 6, 8, 10, 12, 14, 16, 18, 16, 14, 12, 10, 8, 10, 12, 14, 16, 18, 12, 10, 
21, 19, 17, 15, 13, 11, 9, 7, 9, 11, 13, 15, 17, 19, 21, 23, 25, 27, 6, 8, 10, 12, 14, 14, 12, 10, 8, 6, 4, 6, 8, 10, 12, 10, 8, 6, 4, 2, 4, 6, 8, 10, 10, 8, 6, 4, 99999999, 4, 6, 8, 10, 10, 8, 6, 4, 2, 4, 6, 8, 10, 12, 10, 8, 6, 4, 6, 8, 10, 12, 14, 12, 10, 8, 6, 8, 10, 12, 14, 20, 18, 16, 14, 12, 10, 8, 10, 12, 14, 16, 14, 12, 
23, 21, 19, 17, 15, 13, 11, 9, 7, 9, 11, 13, 15, 17, 19, 21, 23, 25, 8, 6, 8, 10, 12, 16, 14, 12, 10, 8, 6, 4, 6, 8, 10, 12, 10, 8, 6, 4, 2, 4, 6, 8, 12, 10, 8, 6, 4, 99999999, 4, 6, 8, 12, 10, 8, 6, 4, 2, 4, 6, 8, 14, 12, 10, 8, 6, 4, 6, 8, 10, 16, 14, 12, 10, 8, 6, 8, 10, 12, 22, 20, 18, 16, 14, 12, 10, 8, 10, 12, 14, 16, 14, 
25, 23, 21, 19, 17, 15, 13, 11, 9, 7, 9, 11, 13, 15, 17, 19, 21, 23, 10, 8, 6, 8, 10, 18, 16, 14, 12, 10, 8, 6, 4, 6, 8, 14, 12, 10, 8, 6, 4, 2, 4, 6, 14, 12, 10, 8, 6, 4, 99999999, 4, 6, 14, 12, 10, 8, 6, 4, 2, 4, 6, 16, 14, 12, 10, 8, 6, 4, 6, 8, 18, 16, 14, 12, 10, 8, 6, 8, 10, 24, 22, 20, 18, 16, 14, 12, 10, 8, 10, 12, 18, 16, 
27, 25, 23, 21, 19, 17, 15, 13, 11, 9, 7, 9, 11, 13, 15, 17, 19, 21, 12, 10, 8, 6, 8, 20, 18, 16, 14, 12, 10, 8, 6, 4, 6, 16, 14, 12, 10, 8, 6, 4, 2, 4, 16, 14, 12, 10, 8, 6, 4, 99999999, 4, 16, 14, 12, 10, 8, 6, 4, 2, 4, 18, 16, 14, 12, 10, 8, 6, 4, 6, 20, 18, 16, 14, 12, 10, 8, 6, 8, 26, 24, 22, 20, 18, 16, 14, 12, 10, 8, 10, 20, 18, 
29, 27, 25, 23, 21, 19, 17, 15, 13, 11, 9, 7, 9, 11, 13, 15, 17, 19, 14, 12, 10, 8, 6, 22, 20, 18, 16, 14, 12, 10, 8, 6, 4, 18, 16, 14, 12, 10, 8, 6, 4, 2, 18, 16, 14, 12, 10, 8, 6, 4, 99999999, 18, 16, 14, 12, 10, 8, 6, 4, 2, 20, 18, 16, 14, 12, 10, 8, 6, 4, 22, 20, 18, 16, 14, 12, 10, 8, 6, 28, 26, 24, 22, 20, 18, 16, 14, 12, 10, 8, 22, 20, 
15, 13, 11, 9, 11, 13, 15, 17, 19, 21, 23, 25, 27, 29, 31, 33, 35, 37, 16, 18, 20, 22, 24, 8, 6, 8, 10, 12, 14, 16, 18, 20, 22, 4, 6, 8, 10, 12, 14, 16, 18, 20, 2, 4, 6, 8, 10, 12, 14, 16, 18, 99999999, 4, 6, 8, 10, 12, 14, 16, 18, 2, 4, 6, 8, 10, 12, 14, 16, 18, 4, 6, 8, 10, 12, 14, 16, 18, 20, 10, 8, 6, 8, 10, 12, 14, 16, 18, 20, 22, 12, 14, 
17, 15, 13, 11, 9, 11, 13, 15, 17, 19, 21, 23, 25, 27, 29, 31, 33, 35, 14, 16, 18, 20, 22, 10, 8, 6, 8, 10, 12, 14, 16, 18, 20, 6, 4, 6, 8, 10, 12, 14, 16, 18, 4, 2, 4, 6, 8, 10, 12, 14, 16, 4, 99999999, 4, 6, 8, 10, 12, 14, 16, 4, 2, 4, 6, 8, 10, 12, 14, 16, 6, 4, 6, 8, 10, 12, 14, 16, 18, 12, 10, 8, 6, 8, 10, 12, 14, 16, 18, 20, 10, 12, 
19, 17, 15, 13, 11, 9, 11, 13, 15, 17, 19, 21, 23, 25, 27, 29, 31, 33, 12, 14, 16, 18, 20, 12, 10, 8, 6, 8, 10, 12, 14, 16, 18, 8, 6, 4, 6, 8, 10, 12, 14, 16, 6, 4, 2, 4, 6, 8, 10, 12, 14, 6, 4, 99999999, 4, 6, 8, 10, 12, 14, 6, 4, 2, 4, 6, 8, 10, 12, 14, 8, 6, 4, 6, 8, 10, 12, 14, 16, 14, 12, 10, 8, 6, 8, 10, 12, 14, 16, 18, 8, 10, 
21, 19, 17, 15, 13, 11, 9, 11, 13, 15, 17, 19, 21, 23, 25, 27, 29, 31, 10, 12, 14, 16, 18, 14, 12, 10, 8, 6, 8, 10, 12, 14, 16, 10, 8, 6, 4, 6, 8, 10, 12, 14, 8, 6, 4, 2, 4, 6, 8, 10, 12, 8, 6, 4, 99999999, 4, 6, 8, 10, 12, 8, 6, 4, 2, 4, 6, 8, 10, 12, 10, 8, 6, 4, 6, 8, 10, 12, 14, 16, 14, 12, 10, 8, 6, 8, 10, 12, 14, 16, 10, 8, 
23, 21, 19, 17, 15, 13, 11, 9, 11, 13, 15, 17, 19, 21, 23, 25, 27, 29, 8, 10, 12, 14, 16, 16, 14, 12, 10, 8, 6, 8, 10, 12, 14, 12, 10, 8, 6, 4, 6, 8, 10, 12, 10, 8, 6, 4, 2, 4, 6, 8, 10, 10, 8, 6, 4, 99999999, 4, 6, 8, 10, 10, 8, 6, 4, 2, 4, 6, 8, 10, 12, 10, 8, 6, 4, 6, 8, 10, 12, 18, 16, 14, 12, 10, 8, 6, 8, 10, 12, 14, 12, 10, 
25, 23, 21, 19, 17, 15, 13, 11, 9, 11, 13, 15, 17, 19, 21, 23, 25, 27, 10, 8, 10, 12, 14, 18, 16, 14, 12, 10, 8, 6, 8, 10, 12, 14, 12, 10, 8, 6, 4, 6, 8, 10, 12, 10, 8, 6, 4, 2, 4, 6, 8, 12, 10, 8, 6, 4, 99999999, 4, 6, 8, 12, 10, 8, 6, 4, 2, 4, 6, 8, 14, 12, 10, 8, 6, 4, 6, 8, 10, 20, 18, 16, 14, 12, 10, 8, 6, 8, 10, 12, 14, 12, 
27, 25, 23, 21, 19, 17, 15, 13, 11, 9, 11, 13, 15, 17, 19, 21, 23, 25, 12, 10, 8, 10, 12, 20, 18, 16, 14, 12, 10, 8, 6, 8, 10, 16, 14, 12, 10, 8, 6, 4, 6, 8, 14, 12, 10, 8, 6, 4, 2, 4, 6, 14, 12, 10, 8, 6, 4, 99999999, 4, 6, 14, 12, 10, 8, 6, 4, 2, 4, 6, 16, 14, 12, 10, 8, 6, 4, 6, 8, 22, 20, 18, 16, 14, 12, 10, 8, 6, 8, 10, 16, 14, 
29, 27, 25, 23, 21, 19, 17, 15, 13, 11, 9, 11, 13, 15, 17, 19, 21, 23, 14, 12, 10, 8, 10, 22, 20, 18, 16, 14, 12, 10, 8, 6, 8, 18, 16, 14, 12, 10, 8, 6, 4, 6, 16, 14, 12, 10, 8, 6, 4, 2, 4, 16, 14, 12, 10, 8, 6, 4, 99999999, 4, 16, 14, 12, 10, 8, 6, 4, 2, 4, 18, 16, 14, 12, 10, 8, 6, 4, 6, 24, 22, 20, 18, 16, 14, 12, 10, 8, 6, 8, 18, 16, 
31, 29, 27, 25, 23, 21, 19, 17, 15, 13, 11, 9, 11, 13, 15, 17, 19, 21, 16, 14, 12, 10, 8, 24, 22, 20, 18, 16, 14, 12, 10, 8, 6, 20, 18, 16, 14, 12, 10, 8, 6, 4, 18, 16, 14, 12, 10, 8, 6, 4, 2, 18, 16, 14, 12, 10, 8, 6, 4, 99999999, 18, 16, 14, 12, 10, 8, 6, 4, 2, 20, 18, 16, 14, 12, 10, 8, 6, 4, 26, 24, 22, 20, 18, 16, 14, 12, 10, 8, 6, 20, 18, 
17, 15, 13, 11, 13, 15, 17, 19, 21, 23, 25, 27, 29, 31, 33, 35, 37, 39, 18, 20, 22, 24, 26, 10, 8, 10, 12, 14, 16, 18, 20, 22, 24, 6, 8, 10, 12, 14, 16, 18, 20, 22, 4, 6, 8, 10, 12, 14, 16, 18, 20, 2, 4, 6, 8, 10, 12, 14, 16, 18, 99999999, 4, 6, 8, 10, 12, 14, 16, 18, 2, 4, 6, 8, 10, 12, 14, 16, 18, 8, 6, 4, 6, 8, 10, 12, 14, 16, 18, 20, 10, 12, 
19, 17, 15, 13, 11, 13, 15, 17, 19, 21, 23, 25, 27, 29, 31, 33, 35, 37, 16, 18, 20, 22, 24, 12, 10, 8, 10, 12, 14, 16, 18, 20, 22, 8, 6, 8, 10, 12, 14, 16, 18, 20, 6, 4, 6, 8, 10, 12, 14, 16, 18, 4, 2, 4, 6, 8, 10, 12, 14, 16, 4, 99999999, 4, 6, 8, 10, 12, 14, 16, 4, 2, 4, 6, 8, 10, 12, 14, 16, 10, 8, 6, 4, 6, 8, 10, 12, 14, 16, 18, 8, 10, 
21, 19, 17, 15, 13, 11, 13, 15, 17, 19, 21, 23, 25, 27, 29, 31, 33, 35, 14, 16, 18, 20, 22, 14, 12, 10, 8, 10, 12, 14, 16, 18, 20, 10, 8, 6, 8, 10, 12, 14, 16, 18, 8, 6, 4, 6, 8, 10, 12, 14, 16, 6, 4, 2, 4, 6, 8, 10, 12, 14, 6, 4, 99999999, 4, 6, 8, 10, 12, 14, 6, 4, 2, 4, 6, 8, 10, 12, 14, 12, 10, 8, 6, 4, 6, 8, 10, 12, 14, 16, 6, 8, 
23, 21, 19, 17, 15, 13, 11, 13, 15, 17, 19, 21, 23, 25, 27, 29, 31, 33, 12, 14, 16, 18, 20, 16, 14, 12, 10, 8, 10, 12, 14, 16, 18, 12, 10, 8, 6, 8, 10, 12, 14, 16, 10, 8, 6, 4, 6, 8, 10, 12, 14, 8, 6, 4, 2, 4, 6, 8, 10, 12, 8, 6, 4, 99999999, 4, 6, 8, 10, 12, 8, 6, 4, 2, 4, 6, 8, 10, 12, 14, 12, 10, 8, 6, 4, 6, 8, 10, 12, 14, 8, 6, 
25, 23, 21, 19, 17, 15, 13, 11, 13, 15, 17, 19, 21, 23, 25, 27, 29, 31, 10, 12, 14, 16, 18, 18, 16, 14, 12, 10, 8, 10, 12, 14, 16, 14, 12, 10, 8, 6, 8, 10, 12, 14, 12, 10, 8, 6, 4, 6, 8, 10, 12, 10, 8, 6, 4, 2, 4, 6, 8, 10, 10, 8, 6, 4, 99999999, 4, 6, 8, 10, 10, 8, 6, 4, 2, 4, 6, 8, 10, 16, 14, 12, 10, 8, 6, 4, 6, 8, 10, 12, 10, 8, 
27, 25, 23, 21, 19, 17, 15, 13, 11, 13, 15, 17, 19, 21, 23, 25, 27, 29, 12, 10, 12, 14, 16, 20, 18, 16, 14, 12, 10, 8, 10, 12, 14, 16, 14, 12, 10, 8, 6, 8, 10, 12, 14, 12, 10, 8, 6, 4, 6, 8, 10, 12, 10, 8, 6, 4, 2, 4, 6, 8, 12, 10, 8, 6, 4, 99999999, 4, 6, 8, 12, 10, 8, 6, 4, 2, 4, 6, 8, 18, 16, 14, 12, 10, 8, 6, 4, 6, 8, 10, 12, 10, 
29, 27, 25, 23, 21, 19, 17, 15, 13, 11, 13, 15, 17, 19, 21, 23, 25, 27, 14, 12, 10, 12, 14, 22, 20, 18, 16, 14, 12, 10, 8, 10, 12, 18, 16, 14, 12, 10, 8, 6, 8, 10, 16, 14, 12, 10, 8, 6, 4, 6, 8, 14, 12, 10, 8, 6, 4, 2, 4, 6, 14, 12, 10, 8, 6, 4, 99999999, 4, 6, 14, 12, 10, 8, 6, 4, 2, 4, 6, 20, 18, 16, 14, 12, 10, 8, 6, 4, 6, 8, 14, 12, 
31, 29, 27, 25, 23, 21, 19, 17, 15, 13, 11, 13, 15, 17, 19, 21, 23, 25, 16, 14, 12, 10, 12, 24, 22, 20, 18, 16, 14, 12, 10, 8, 10, 20, 18, 16, 14, 12, 10, 8, 6, 8, 18, 16, 14, 12, 10, 8, 6, 4, 6, 16, 14, 12, 10, 8, 6, 4, 2, 4, 16, 14, 12, 10, 8, 6, 4, 99999999, 4, 16, 14, 12, 10, 8, 6, 4, 2, 4, 22, 20, 18, 16, 14, 12, 10, 8, 6, 4, 6, 16, 14, 
33, 31, 29, 27, 25, 23, 21, 19, 17, 15, 13, 11, 13, 15, 17, 19, 21, 23, 18, 16, 14, 12, 10, 26, 24, 22, 20, 18, 16, 14, 12, 10, 8, 22, 20, 18, 16, 14, 12, 10, 8, 6, 20, 18, 16, 14, 12, 10, 8, 6, 4, 18, 16, 14, 12, 10, 8, 6, 4, 2, 18, 16, 14, 12, 10, 8, 6, 4, 99999999, 18, 16, 14, 12, 10, 8, 6, 4, 2, 24, 22, 20, 18, 16, 14, 12, 10, 8, 6, 4, 18, 16, 
19, 17, 15, 13, 15, 17, 19, 21, 23, 25, 27, 29, 31, 33, 35, 37, 39, 41, 20, 22, 24, 26, 28, 12, 10, 12, 14, 16, 18, 20, 22, 24, 26, 8, 10, 12, 14, 16, 18, 20, 22, 24, 6, 8, 10, 12, 14, 16, 18, 20, 22, 4, 6, 8, 10, 12, 14, 16, 18, 20, 2, 4, 6, 8, 10, 12, 14, 16, 18, 99999999, 4, 6, 8, 10, 12, 14, 16, 18, 6, 4, 2, 4, 6, 8, 10, 12, 14, 16, 18, 8, 10, 
21, 19, 17, 15, 13, 15, 17, 19, 21, 23, 25, 27, 29, 31, 33, 35, 37, 39, 18, 20, 22, 24, 26, 14, 12, 10, 12, 14, 16, 18, 20, 22, 24, 10, 8, 10, 12, 14, 16, 18, 20, 22, 8, 6, 8, 10, 12, 14, 16, 18, 20, 6, 4, 6, 8, 10, 12, 14, 16, 18, 4, 2, 4, 6, 8, 10, 12, 14, 16, 4, 99999999, 4, 6, 8, 10, 12, 14, 16, 8, 6, 4, 2, 4, 6, 8, 10, 12, 14, 16, 6, 8, 
23, 21, 19, 17, 15, 13, 15, 17, 19, 21, 23, 25, 27, 29, 31, 33, 35, 37, 16, 18, 20, 22, 24, 16, 14, 12, 10, 12, 14, 16, 18, 20, 22, 12, 10, 8, 10, 12, 14, 16, 18, 20, 10, 8, 6, 8, 10, 12, 14, 16, 18, 8, 6, 4, 6, 8, 10, 12, 14, 16, 6, 4, 2, 4, 6, 8, 10, 12, 14, 6, 4, 99999999, 4, 6, 8, 10, 12, 14, 10, 8, 6, 4, 2, 4, 6, 8, 10, 12, 14, 4, 6, 
25, 23, 21, 19, 17, 15, 13, 15, 17, 19, 21, 23, 25, 27, 29, 31, 33, 35, 14, 16, 18, 20, 22, 18, 16, 14, 12, 10, 12, 14, 16, 18, 20, 14, 12, 10, 8, 10, 12, 14, 16, 18, 12, 10, 8, 6, 8, 10, 12, 14, 16, 10, 8, 6, 4, 6, 8, 10, 12, 14, 8, 6, 4, 2, 4, 6, 8, 10, 12, 8, 6, 4, 99999999, 4, 6, 8, 10, 12, 12, 10, 8, 6, 4, 2, 4, 6, 8, 10, 12, 6, 4, 
27, 25, 23, 21, 19, 17, 15, 13, 15, 17, 19, 21, 23, 25, 27, 29, 31, 33, 12, 14, 16, 18, 20, 20, 18, 16, 14, 12, 10, 12, 14, 16, 18, 16, 14, 12, 10, 8, 10, 12, 14, 16, 14, 12, 10, 8, 6, 8, 10, 12, 14, 12, 10, 8, 6, 4, 6, 8, 10, 12, 10, 8, 6, 4, 2, 4, 6, 8, 10, 10, 8, 6, 4, 99999999, 4, 6, 8, 10, 14, 12, 10, 8, 6, 4, 2, 4, 6, 8, 10, 8, 6, 
29, 27, 25, 23, 21, 19, 17, 15, 13, 15, 17, 19, 21, 23, 25, 27, 29, 31, 14, 12, 14, 16, 18, 22, 20, 18, 16, 14, 12, 10, 12, 14, 16, 18, 16, 14, 12, 10, 8, 10, 12, 14, 16, 14, 12, 10, 8, 6, 8, 10, 12, 14, 12, 10, 8, 6, 4, 6, 8, 10, 12, 10, 8, 6, 4, 2, 4, 6, 8, 12, 10, 8, 6, 4, 99999999, 4, 6, 8, 16, 14, 12, 10, 8, 6, 4, 2, 4, 6, 8, 10, 8, 
31, 29, 27, 25, 23, 21, 19, 17, 15, 13, 15, 17, 19, 21, 23, 25, 27, 29, 16, 14, 12, 14, 16, 24, 22, 20, 18, 16, 14, 12, 10, 12, 14, 20, 18, 16, 14, 12, 10, 8, 10, 12, 18, 16, 14, 12, 10, 8, 6, 8, 10, 16, 14, 12, 10, 8, 6, 4, 6, 8, 14, 12, 10, 8, 6, 4, 2, 4, 6, 14, 12, 10, 8, 6, 4, 99999999, 4, 6, 18, 16, 14, 12, 10, 8, 6, 4, 2, 4, 6, 12, 10, 
33, 31, 29, 27, 25, 23, 21, 19, 17, 15, 13, 15, 17, 19, 21, 23, 25, 27, 18, 16, 14, 12, 14, 26, 24, 22, 20, 18, 16, 14, 12, 10, 12, 22, 20, 18, 16, 14, 12, 10, 8, 10, 20, 18, 16, 14, 12, 10, 8, 6, 8, 18, 16, 14, 12, 10, 8, 6, 4, 6, 16, 14, 12, 10, 8, 6, 4, 2, 4, 16, 14, 12, 10, 8, 6, 4, 99999999, 4, 20, 18, 16, 14, 12, 10, 8, 6, 4, 2, 4, 14, 12, 
35, 33, 31, 29, 27, 25, 23, 21, 19, 17, 15, 13, 15, 17, 19, 21, 23, 25, 20, 18, 16, 14, 12, 28, 26, 24, 22, 20, 18, 16, 14, 12, 10, 24, 22, 20, 18, 16, 14, 12, 10, 8, 22, 20, 18, 16, 14, 12, 10, 8, 6, 20, 18, 16, 14, 12, 10, 8, 6, 4, 18, 16, 14, 12, 10, 8, 6, 4, 2, 18, 16, 14, 12, 10, 8, 6, 4, 99999999, 22, 20, 18, 16, 14, 12, 10, 8, 6, 4, 2, 16, 14, 
17, 17, 17, 19, 21, 23, 25, 27, 29, 31, 33, 35, 37, 39, 41, 43, 45, 47, 26, 28, 30, 32, 34, 14, 16, 18, 20, 22, 24, 26, 28, 30, 32, 14, 16, 18, 20, 22, 24, 26, 28, 30, 12, 14, 16, 18, 20, 22, 24, 26, 28, 10, 12, 14, 16, 18, 20, 22, 24, 26, 8, 10, 12, 14, 16, 18, 20, 22, 24, 6, 8, 10, 12, 14, 16, 18, 20, 22, 99999999, 4, 6, 8, 10, 12, 14, 16, 18, 20, 22, 10, 12, 
19, 17, 15, 17, 19, 21, 23, 25, 27, 29, 31, 33, 35, 37, 39, 41, 43, 45, 24, 26, 28, 30, 32, 12, 14, 16, 18, 20, 22, 24, 26, 28, 30, 12, 14, 16, 18, 20, 22, 24, 26, 28, 10, 12, 14, 16, 18, 20, 22, 24, 26, 8, 10, 12, 14, 16, 18, 20, 22, 24, 6, 8, 10, 12, 14, 16, 18, 20, 22, 4, 6, 8, 10, 12, 14, 16, 18, 20, 4, 99999999, 2, 6, 8, 10, 12, 14, 16, 18, 20, 8, 10, 
21, 19, 17, 15, 17, 19, 21, 23, 25, 27, 29, 31, 33, 35, 37, 39, 41, 43, 22, 24, 26, 28, 30, 14, 12, 14, 16, 18, 20, 22, 24, 26, 28, 10, 12, 14, 16, 18, 20, 22, 24, 26, 8, 10, 12, 14, 16, 18, 20, 22, 24, 6, 8, 10, 12, 14, 16, 18, 20, 22, 4, 6, 8, 10, 12, 14, 16, 18, 20, 2, 4, 6, 8, 10, 12, 14, 16, 18, 6, 2, 99999999, 4, 6, 8, 10, 12, 14, 16, 18, 6, 8, 
23, 21, 19, 17, 15, 17, 19, 21, 23, 25, 27, 29, 31, 33, 35, 37, 39, 41, 20, 22, 24, 26, 28, 16, 14, 12, 14, 16, 18, 20, 22, 24, 26, 12, 10, 12, 14, 16, 18, 20, 22, 24, 10, 8, 10, 12, 14, 16, 18, 20, 22, 8, 6, 8, 10, 12, 14, 16, 18, 20, 6, 4, 6, 8, 10, 12, 14, 16, 18, 4, 2, 4, 6, 8, 10, 12, 14, 16, 8, 6, 4, 99999999, 4, 6, 8, 10, 12, 14, 16, 4, 6, 
25, 23, 21, 19, 17, 15, 17, 19, 21, 23, 25, 27, 29, 31, 33, 35, 37, 39, 18, 20, 22, 24, 26, 18, 16, 14, 12, 14, 16, 18, 20, 22, 24, 14, 12, 10, 12, 14, 16, 18, 20, 22, 12, 10, 8, 10, 12, 14, 16, 18, 20, 10, 8, 6, 8, 10, 12, 14, 16, 18, 8, 6, 4, 6, 8, 10, 12, 14, 16, 6, 4, 2, 4, 6, 8, 10, 12, 14, 10, 8, 6, 4, 99999999, 4, 6, 8, 10, 12, 14, 2, 4, 
27, 25, 23, 21, 19, 17, 15, 17, 19, 21, 23, 25, 27, 29, 31, 33, 35, 37, 16, 18, 20, 22, 24, 20, 18, 16, 14, 12, 14, 16, 18, 20, 22, 16, 14, 12, 10, 12, 14, 16, 18, 20, 14, 12, 10, 8, 10, 12, 14, 16, 18, 12, 10, 8, 6, 8, 10, 12, 14, 16, 10, 8, 6, 4, 6, 8, 10, 12, 14, 8, 6, 4, 2, 4, 6, 8, 10, 12, 12, 10, 8, 6, 4, 99999999, 4, 6, 8, 10, 12, 4, 2, 
29, 27, 25, 23, 21, 19, 17, 15, 17, 19, 21, 23, 25, 27, 29, 31, 33, 35, 14, 16, 18, 20, 22, 22, 20, 18, 16, 14, 12, 14, 16, 18, 20, 18, 16, 14, 12, 10, 12, 14, 16, 18, 16, 14, 12, 10, 8, 10, 12, 14, 16, 14, 12, 10, 8, 6, 8, 10, 12, 14, 12, 10, 8, 6, 4, 6, 8, 10, 12, 10, 8, 6, 4, 2, 4, 6, 8, 10, 14, 12, 10, 8, 6, 4, 99999999, 4, 6, 8, 10, 6, 4, 
31, 29, 27, 25, 23, 21, 19, 17, 15, 17, 19, 21, 23, 25, 27, 29, 31, 33, 16, 14, 16, 18, 20, 24, 22, 20, 18, 16, 14, 12, 14, 16, 18, 20, 18, 16, 14, 12, 10, 12, 14, 16, 18, 16, 14, 12, 10, 8, 10, 12, 14, 16, 14, 12, 10, 8, 6, 8, 10, 12, 14, 12, 10, 8, 6, 4, 6, 8, 10, 12, 10, 8, 6, 4, 2, 4, 6, 8, 16, 14, 12, 10, 8, 6, 4, 99999999, 4, 6, 8, 8, 6, 
33, 31, 29, 27, 25, 23, 21, 19, 17, 15, 17, 19, 21, 23, 25, 27, 29, 31, 18, 16, 14, 16, 18, 26, 24, 22, 20, 18, 16, 14, 12, 14, 16, 22, 20, 18, 16, 14, 12, 10, 12, 14, 20, 18, 16, 14, 12, 10, 8, 10, 12, 18, 16, 14, 12, 10, 8, 6, 8, 10, 16, 14, 12, 10, 8, 6, 4, 6, 8, 14, 12, 10, 8, 6, 4, 2, 4, 6, 18, 16, 14, 12, 10, 8, 6, 4, 99999999, 4, 6, 10, 8, 
35, 33, 31, 29, 27, 25, 23, 21, 19, 17, 15, 17, 19, 21, 23, 25, 27, 29, 20, 18, 16, 14, 16, 28, 26, 24, 22, 20, 18, 16, 14, 12, 14, 24, 22, 20, 18, 16, 14, 12, 10, 12, 22, 20, 18, 16, 14, 12, 10, 8, 10, 20, 18, 16, 14, 12, 10, 8, 6, 8, 18, 16, 14, 12, 10, 8, 6, 4, 6, 16, 14, 12, 10, 8, 6, 4, 2, 4, 20, 18, 16, 14, 12, 10, 8, 6, 4, 99999999, 4, 12, 10, 
37, 35, 33, 31, 29, 27, 25, 23, 21, 19, 17, 15, 17, 19, 21, 23, 25, 27, 22, 20, 18, 16, 14, 30, 28, 26, 24, 22, 20, 18, 16, 14, 12, 26, 24, 22, 20, 18, 16, 14, 12, 10, 24, 22, 20, 18, 16, 14, 12, 10, 8, 22, 20, 18, 16, 14, 12, 10, 8, 6, 20, 18, 16, 14, 12, 10, 8, 6, 4, 18, 16, 14, 12, 10, 8, 6, 4, 2, 22, 20, 18, 16, 14, 12, 10, 8, 6, 4, 99999999, 14, 12, 
27, 25, 23, 21, 19, 17, 19, 21, 23, 25, 27, 29, 31, 33, 35, 37, 39, 41, 20, 22, 24, 26, 28, 20, 18, 16, 14, 16, 18, 20, 22, 24, 26, 16, 14, 12, 14, 16, 18, 20, 22, 24, 14, 12, 10, 12, 14, 16, 18, 20, 22, 12, 10, 8, 10, 12, 14, 16, 18, 20, 10, 8, 6, 8, 10, 12, 14, 16, 18, 8, 6, 4, 6, 8, 10, 12, 14, 16, 10, 8, 6, 4, 2, 4, 6, 8, 10, 12, 14, 99999999, 4, 
29, 27, 25, 23, 21, 19, 17, 19, 21, 23, 25, 27, 29, 31, 33, 35, 37, 39, 18, 20, 22, 24, 26, 22, 20, 18, 16, 14, 16, 18, 20, 22, 24, 18, 16, 14, 12, 14, 16, 18, 20, 22, 16, 14, 12, 10, 12, 14, 16, 18, 20, 14, 12, 10, 8, 10, 12, 14, 16, 18, 12, 10, 8, 6, 8, 10, 12, 14, 16, 10, 8, 6, 4, 6, 8, 10, 12, 14, 12, 10, 8, 6, 4, 2, 4, 6, 8, 10, 12, 4, 99999999, 
