Pick a number: name items (1) or read from list(2)?
Give an order list number or type '101' to read the entire file
Include weight? Yes (1) or No (0)
---------------------------------------------------------------------
Order		 Distance	 Weight				 Effort			  Path
5735		 15				 0.000000			 0.000000		(0,0)	(1,0)	(2,0)	(3,0)	(4,0)	(5,0)	(6,0)	(7,0)	(7,1)	(7,2)	(7,3)	(7,4)	(7,5)	(7,6)	(7,7)	(7,8)	
350562		 4				 0.000000			 0.000000		(7,8)	(7,9)	(8,9)	(9,9)	(9,10)	
180023		 2				 0.000000			 0.000000		(9,10)	(9,9)	(9,8)	
32895		 0				 0.000000			 0.000000		(9,8)	
22234		 2				 0.000000			 0.000000		(9,8)	(9,9)	(9,10)	
321099		 0				 0.000000			 0.000000		(9,10)	
111873		 2				 0.000000			 0.000000		(9,10)	(9,9)	(9,8)	
499508		 2				 0.000000			 0.000000		(9,8)	(9,9)	(9,10)	
1101259		 4				 2.000000			 8.000000		(9,10)	(9,9)	(9,8)	(9,7)	(9,6)	
392000		 4				 0.000000			 0.000000		(9,6)	(9,7)	(9,8)	(9,9)	(9,10)	
end			 18				 0.000000			 0.000000		(9,10)	(9,11)	(8,11)	(7,11)	(6,11)	(5,11)	(4,11)	(3,11)	(2,11)	(1,11)	(1,12)	(1,13)	(1,14)	(1,15)	(1,16)	(1,17)	(1,18)	(1,19)	(1,20)	
Total Distance = 53	 Total Effort = 8.000000
99999999 4 99999999 99999999 4 4 99999999 4 2 4 27 
4 99999999 4 4 99999999 99999999 4 99999999 6 99999999 27 
99999999 4 99999999 99999999 4 4 99999999 4 2 4 27 
99999999 4 99999999 99999999 4 4 99999999 4 2 4 27 
4 99999999 4 4 99999999 99999999 4 99999999 6 99999999 27 
4 99999999 4 4 99999999 99999999 4 99999999 6 99999999 27 
99999999 4 99999999 99999999 4 4 99999999 4 2 4 27 
4 99999999 4 4 99999999 99999999 4 99999999 6 99999999 27 
2 6 2 2 6 6 2 6 99999999 6 25 
4 99999999 4 4 99999999 99999999 4 99999999 6 99999999 27 
27 27 27 27 27 27 27 27 25 27 99999999 
Order = ID 0 = index 0 Order = ID 1 = index 1 Order = ID 2 = index 2 Order = ID 3 = index 3 Order = ID 4 = index 4 Order = ID 5 = index 5 Order = ID 6 = index 6 Order = ID 7 = index 7 Order = ID 8 = index 8 Order = ID 9 = index 9 Order = ID 10 = index 10 

Original
R0
99999999 4 99999999 99999999 4 4 99999999 4 2 4 27 
4 99999999 4 4 99999999 99999999 4 99999999 6 99999999 27 
99999999 4 99999999 99999999 4 4 99999999 4 2 4 27 
99999999 4 99999999 99999999 4 4 99999999 4 2 4 27 
4 99999999 4 4 99999999 99999999 4 99999999 6 99999999 27 
4 99999999 4 4 99999999 99999999 4 99999999 6 99999999 27 
99999999 4 99999999 99999999 4 4 99999999 4 2 4 27 
4 99999999 4 4 99999999 99999999 4 99999999 6 99999999 27 
2 6 2 2 6 6 2 6 99999999 6 25 
4 99999999 4 4 99999999 99999999 4 99999999 6 99999999 27 
27 27 27 27 27 27 27 27 25 27 99999999 

Init Reduce
R1
99999997 0 99999997 99999997 0 0 99999997 0 0 0 2 
0 99999993 0 0 99999993 99999993 0 99999993 2 99999993 0 
99999997 0 99999997 99999997 0 0 99999997 0 0 0 2 
99999997 0 99999997 99999997 0 0 99999997 0 0 0 2 
0 99999993 0 0 99999993 99999993 0 99999993 2 99999993 0 
0 99999993 0 0 99999993 99999993 0 99999993 2 99999993 0 
99999997 0 99999997 99999997 0 0 99999997 0 0 0 2 
0 99999993 0 0 99999993 99999993 0 99999993 2 99999993 0 
0 2 0 0 2 2 0 2 99999997 2 0 
0 99999993 0 0 99999993 99999993 0 99999993 2 99999993 0 
2 0 2 2 0 0 2 0 0 0 99999951 
LB 88
Before
0 1 2 3 4 5 6 7 8 9 10 
src = 0
After
1 2 3 4 5 6 7 8 9 10 index 1

 Null src
R1
99999997 0 99999997 99999997 0 0 99999997 0 0 0 2 
0 99999993 0 0 99999993 99999993 0 99999993 2 99999993 0 
99999997 0 99999997 99999997 0 0 99999997 0 0 0 2 
99999997 0 99999997 99999997 0 0 99999997 0 0 0 2 
0 99999993 0 0 99999993 99999993 0 99999993 2 99999993 0 
0 99999993 0 0 99999993 99999993 0 99999993 2 99999993 0 
99999997 0 99999997 99999997 0 0 99999997 0 0 0 2 
0 99999993 0 0 99999993 99999993 0 99999993 2 99999993 0 
0 2 0 0 2 2 0 2 99999997 2 0 
0 99999993 0 0 99999993 99999993 0 99999993 2 99999993 0 
2 0 2 2 0 0 2 0 0 0 99999951 

Null dest for 1
R2
99999997 0 99999997 99999997 0 0 99999997 0 0 0 2 
99999999 99999999 0 0 99999993 99999993 0 99999993 2 99999993 0 
99999997 99999999 99999997 99999997 0 0 99999997 0 0 0 2 
99999997 99999999 99999997 99999997 0 0 99999997 0 0 0 2 
0 99999999 0 0 99999993 99999993 0 99999993 2 99999993 0 
0 99999999 0 0 99999993 99999993 0 99999993 2 99999993 0 
99999997 99999999 99999997 99999997 0 0 99999997 0 0 0 2 
0 99999999 0 0 99999993 99999993 0 99999993 2 99999993 0 
0 99999999 0 0 2 2 0 2 99999997 2 0 
0 99999999 0 0 99999993 99999993 0 99999993 2 99999993 0 
2 99999999 2 2 0 0 2 0 0 0 99999951 
Cost 88

Null dest for 2
R2
99999997 99999999 99999999 99999999 99999999 99999999 99999999 99999999 99999999 99999999 99999999 
0 99999993 99999999 0 99999993 99999993 0 99999993 2 99999993 0 
99999999 0 99999999 99999997 0 0 99999997 0 0 0 2 
99999997 0 99999999 99999997 0 0 99999997 0 0 0 2 
0 99999993 99999999 0 99999993 99999993 0 99999993 2 99999993 0 
0 99999993 99999999 0 99999993 99999993 0 99999993 2 99999993 0 
99999997 0 99999999 99999997 0 0 99999997 0 0 0 2 
0 99999993 99999999 0 99999993 99999993 0 99999993 2 99999993 0 
0 2 99999999 0 2 2 0 2 99999997 2 0 
0 99999993 99999999 0 99999993 99999993 0 99999993 2 99999993 0 
2 0 99999999 2 0 0 2 0 0 0 99999951 
Cost 100000085

Null dest for 3
R2
99999997 99999999 99999999 99999999 99999999 99999999 99999999 99999999 99999999 99999999 99999999 
0 99999993 0 99999999 99999993 99999993 0 99999993 2 99999993 0 
99999997 0 99999997 99999999 0 0 99999997 0 0 0 2 
99999999 0 99999997 99999999 0 0 99999997 0 0 0 2 
0 99999993 0 99999999 99999993 99999993 0 99999993 2 99999993 0 
0 99999993 0 99999999 99999993 99999993 0 99999993 2 99999993 0 
99999997 0 99999997 99999999 0 0 99999997 0 0 0 2 
0 99999993 0 99999999 99999993 99999993 0 99999993 2 99999993 0 
0 2 0 99999999 2 2 0 2 99999997 2 0 
0 99999993 0 99999999 99999993 99999993 0 99999993 2 99999993 0 
2 0 2 99999999 0 0 2 0 0 0 99999951 
Cost 100000085

Null dest for 4
R2
99999997 99999999 99999999 99999999 99999999 99999999 99999999 99999999 99999999 99999999 99999999 
0 99999993 0 0 99999999 99999993 0 99999993 2 99999993 0 
99999997 0 99999997 99999997 99999999 0 99999997 0 0 0 2 
99999997 0 99999997 99999997 99999999 0 99999997 0 0 0 2 
99999999 99999993 0 0 99999999 99999993 0 99999993 2 99999993 0 
0 99999993 0 0 99999999 99999993 0 99999993 2 99999993 0 
99999997 0 99999997 99999997 99999999 0 99999997 0 0 0 2 
0 99999993 0 0 99999999 99999993 0 99999993 2 99999993 0 
0 2 0 0 99999999 2 0 2 99999997 2 0 
0 99999993 0 0 99999999 99999993 0 99999993 2 99999993 0 
2 0 2 2 99999999 0 2 0 0 0 99999951 
Cost 88

Null dest for 5
R2
99999997 99999999 99999999 99999999 99999999 99999999 99999999 99999999 99999999 99999999 99999999 
0 99999993 0 0 99999993 99999999 0 99999993 2 99999993 0 
99999997 0 99999997 99999997 0 99999999 99999997 0 0 0 2 
99999997 0 99999997 99999997 0 99999999 99999997 0 0 0 2 
0 99999993 0 0 99999993 99999999 0 99999993 2 99999993 0 
99999999 99999993 0 0 99999993 99999999 0 99999993 2 99999993 0 
99999997 0 99999997 99999997 0 99999999 99999997 0 0 0 2 
0 99999993 0 0 99999993 99999999 0 99999993 2 99999993 0 
0 2 0 0 2 99999999 0 2 99999997 2 0 
0 99999993 0 0 99999993 99999999 0 99999993 2 99999993 0 
2 0 2 2 0 99999999 2 0 0 0 99999951 
Cost 88

Null dest for 6
R2
99999997 99999999 99999999 99999999 99999999 99999999 99999999 99999999 99999999 99999999 99999999 
0 99999993 0 0 99999993 99999993 99999999 99999993 2 99999993 0 
99999997 0 99999997 99999997 0 0 99999999 0 0 0 2 
99999997 0 99999997 99999997 0 0 99999999 0 0 0 2 
0 99999993 0 0 99999993 99999993 99999999 99999993 2 99999993 0 
0 99999993 0 0 99999993 99999993 99999999 99999993 2 99999993 0 
99999999 0 99999997 99999997 0 0 99999999 0 0 0 2 
0 99999993 0 0 99999993 99999993 99999999 99999993 2 99999993 0 
0 2 0 0 2 2 99999999 2 99999997 2 0 
0 99999993 0 0 99999993 99999993 99999999 99999993 2 99999993 0 
2 0 2 2 0 0 99999999 0 0 0 99999951 
Cost 100000085

Null dest for 7
R2
99999997 99999999 99999999 99999999 99999999 99999999 99999999 99999999 99999999 99999999 99999999 
0 99999993 0 0 99999993 99999993 0 99999999 2 99999993 0 
99999997 0 99999997 99999997 0 0 99999997 99999999 0 0 2 
99999997 0 99999997 99999997 0 0 99999997 99999999 0 0 2 
0 99999993 0 0 99999993 99999993 0 99999999 2 99999993 0 
0 99999993 0 0 99999993 99999993 0 99999999 2 99999993 0 
99999997 0 99999997 99999997 0 0 99999997 99999999 0 0 2 
99999999 99999993 0 0 99999993 99999993 0 99999999 2 99999993 0 
0 2 0 0 2 2 0 99999999 99999997 2 0 
0 99999993 0 0 99999993 99999993 0 99999999 2 99999993 0 
2 0 2 2 0 0 2 99999999 0 0 99999951 
Cost 88

Null dest for 8
R2
99999997 99999999 99999999 99999999 99999999 99999999 99999999 99999999 99999999 99999999 99999999 
0 99999993 0 0 99999993 99999993 0 99999993 99999999 99999993 0 
99999997 0 99999997 99999997 0 0 99999997 0 99999999 0 2 
99999997 0 99999997 99999997 0 0 99999997 0 99999999 0 2 
0 99999993 0 0 99999993 99999993 0 99999993 99999999 99999993 0 
0 99999993 0 0 99999993 99999993 0 99999993 99999999 99999993 0 
99999997 0 99999997 99999997 0 0 99999997 0 99999999 0 2 
0 99999993 0 0 99999993 99999993 0 99999993 99999999 99999993 0 
99999999 2 0 0 2 2 0 2 99999999 2 0 
0 99999993 0 0 99999993 99999993 0 99999993 99999999 99999993 0 
2 0 2 2 0 0 2 0 99999999 0 99999951 
Cost 88

Null dest for 9
R2
99999997 99999999 99999999 99999999 99999999 99999999 99999999 99999999 99999999 99999999 99999999 
0 99999993 0 0 99999993 99999993 0 99999993 2 99999999 0 
99999997 0 99999997 99999997 0 0 99999997 0 0 99999999 2 
99999997 0 99999997 99999997 0 0 99999997 0 0 99999999 2 
0 99999993 0 0 99999993 99999993 0 99999993 2 99999999 0 
0 99999993 0 0 99999993 99999993 0 99999993 2 99999999 0 
99999997 0 99999997 99999997 0 0 99999997 0 0 99999999 2 
0 99999993 0 0 99999993 99999993 0 99999993 2 99999999 0 
0 2 0 0 2 2 0 2 99999997 99999999 0 
99999999 99999993 0 0 99999993 99999993 0 99999993 2 99999999 0 
2 0 2 2 0 0 2 0 0 99999999 99999951 
Cost 88

Null dest for 10
R2
99999997 99999999 99999999 99999999 99999999 99999999 99999999 99999999 99999999 99999999 99999999 
0 99999993 0 0 99999993 99999993 0 99999993 2 99999993 99999999 
99999997 0 99999997 99999997 0 0 99999997 0 0 0 99999999 
99999997 0 99999997 99999997 0 0 99999997 0 0 0 99999999 
0 99999993 0 0 99999993 99999993 0 99999993 2 99999993 99999999 
0 99999993 0 0 99999993 99999993 0 99999993 2 99999993 99999999 
99999997 0 99999997 99999997 0 0 99999997 0 0 0 99999999 
0 99999993 0 0 99999993 99999993 0 99999993 2 99999993 99999999 
0 2 0 0 2 2 0 2 99999997 2 99999999 
0 99999993 0 0 99999993 99999993 0 99999993 2 99999993 99999999 
99999999 0 2 2 0 0 2 0 0 0 99999999 
Cost 90

R2
99999997 99999999 99999999 99999999 99999999 99999999 99999999 99999999 99999999 99999999 99999999 
99999999 99999999 0 0 99999993 99999993 0 99999993 2 99999993 0 
99999997 99999999 99999997 99999997 0 0 99999997 0 0 0 2 
99999997 99999999 99999997 99999997 0 0 99999997 0 0 0 2 
0 99999999 0 0 99999993 99999993 0 99999993 2 99999993 0 
0 99999999 0 0 99999993 99999993 0 99999993 2 99999993 0 
99999997 99999999 99999997 99999997 0 0 99999997 0 0 0 2 
0 99999999 0 0 99999993 99999993 0 99999993 2 99999993 0 
0 99999999 0 0 2 2 0 2 99999997 2 0 
0 99999999 0 0 99999993 99999993 0 99999993 2 99999993 0 
2 99999999 2 2 0 0 2 0 0 0 99999951 
Cost 88
Before
1 2 3 4 5 6 7 8 9 10 
src = 1
After
2 3 4 5 6 7 8 9 10 index 2

R2
99999997 99999999 99999999 99999999 99999999 99999999 99999999 99999999 99999999 99999999 99999999 
99999999 99999999 99999999 99999999 99999999 99999999 99999999 99999999 99999999 99999999 99999999 
99999997 99999999 99999997 99999997 0 0 99999997 0 0 0 2 
99999997 99999999 99999997 99999997 0 0 99999997 0 0 0 2 
0 99999999 0 0 99999993 99999993 0 99999993 2 99999993 0 
0 99999999 0 0 99999993 99999993 0 99999993 2 99999993 0 
99999997 99999999 99999997 99999997 0 0 99999997 0 0 0 2 
0 99999999 0 0 99999993 99999993 0 99999993 2 99999993 0 
0 99999999 0 0 2 2 0 2 99999997 2 0 
0 99999999 0 0 99999993 99999993 0 99999993 2 99999993 0 
2 99999999 2 2 0 0 2 0 0 0 99999951 
Cost 88
left2 over 2
left2 over 3
left2 over 4
left2 over 5
left2 over 6
left2 over 7
left2 over 8
left2 over 9
left2 over 10

Null dest for 2
R3
99999997 99999999 99999999 99999999 99999999 99999999 99999999 99999999 99999999 99999999 99999999 
99999999 99999999 99999999 99999999 99999999 99999999 99999999 99999999 99999999 99999999 99999999 
99999999 99999999 99999999 99999997 0 0 99999997 0 0 0 2 
99999997 99999999 99999999 99999997 0 0 99999997 0 0 0 2 
0 99999999 99999999 0 99999993 99999993 0 99999993 2 99999993 0 
0 99999999 99999999 0 99999993 99999993 0 99999993 2 99999993 0 
99999997 99999999 99999999 99999997 0 0 99999997 0 0 0 2 
0 99999999 99999999 0 99999993 99999993 0 99999993 2 99999993 0 
0 99999999 99999999 0 2 2 0 2 99999997 2 0 
0 99999999 99999999 0 99999993 99999993 0 99999993 2 99999993 0 
2 99999999 99999999 2 0 0 2 0 0 0 99999951 
Cost 88

Null dest for 3
R3
99999997 99999999 99999999 99999999 99999999 99999999 99999999 99999999 99999999 99999999 99999999 
99999999 99999999 99999999 99999999 99999999 99999999 99999999 99999999 99999999 99999999 99999999 
99999997 99999999 99999997 99999999 0 0 99999997 0 0 0 2 
99999999 99999999 99999997 99999999 0 0 99999997 0 0 0 2 
0 99999999 0 99999999 99999993 99999993 0 99999993 2 99999993 0 
0 99999999 0 99999999 99999993 99999993 0 99999993 2 99999993 0 
99999997 99999999 99999997 99999999 0 0 99999997 0 0 0 2 
0 99999999 0 99999999 99999993 99999993 0 99999993 2 99999993 0 
0 99999999 0 99999999 2 2 0 2 99999997 2 0 
0 99999999 0 99999999 99999993 99999993 0 99999993 2 99999993 0 
2 99999999 2 99999999 0 0 2 0 0 0 99999951 
Cost 88

Null dest for 4
R3
99999997 99999999 99999999 99999999 99999999 99999999 99999999 99999999 99999999 99999999 99999999 
99999999 99999999 99999999 99999999 99999999 99999999 99999999 99999999 99999999 99999999 99999999 
99999997 99999999 99999997 99999997 99999999 0 99999997 0 0 0 2 
99999997 99999999 99999997 99999997 99999999 0 99999997 0 0 0 2 
99999999 99999999 0 0 99999999 99999993 0 99999993 2 99999993 0 
0 99999999 0 0 99999999 99999993 0 99999993 2 99999993 0 
99999997 99999999 99999997 99999997 99999999 0 99999997 0 0 0 2 
0 99999999 0 0 99999999 99999993 0 99999993 2 99999993 0 
0 99999999 0 0 99999999 2 0 2 99999997 2 0 
0 99999999 0 0 99999999 99999993 0 99999993 2 99999993 0 
2 99999999 2 2 99999999 0 2 0 0 0 99999951 
Cost 100000081

Null dest for 5
R3
99999997 99999999 99999999 99999999 99999999 99999999 99999999 99999999 99999999 99999999 99999999 
99999999 99999999 99999999 99999999 99999999 99999999 99999999 99999999 99999999 99999999 99999999 
99999997 99999999 99999997 99999997 0 99999999 99999997 0 0 0 2 
99999997 99999999 99999997 99999997 0 99999999 99999997 0 0 0 2 
0 99999999 0 0 99999993 99999999 0 99999993 2 99999993 0 
99999999 99999999 0 0 99999993 99999999 0 99999993 2 99999993 0 
99999997 99999999 99999997 99999997 0 99999999 99999997 0 0 0 2 
0 99999999 0 0 99999993 99999999 0 99999993 2 99999993 0 
0 99999999 0 0 2 99999999 0 2 99999997 2 0 
0 99999999 0 0 99999993 99999999 0 99999993 2 99999993 0 
2 99999999 2 2 0 99999999 2 0 0 0 99999951 
Cost 100000081

Null dest for 6
R3
99999997 99999999 99999999 99999999 99999999 99999999 99999999 99999999 99999999 99999999 99999999 
99999999 99999999 99999999 99999999 99999999 99999999 99999999 99999999 99999999 99999999 99999999 
99999997 99999999 99999997 99999997 0 0 99999999 0 0 0 2 
99999997 99999999 99999997 99999997 0 0 99999999 0 0 0 2 
0 99999999 0 0 99999993 99999993 99999999 99999993 2 99999993 0 
0 99999999 0 0 99999993 99999993 99999999 99999993 2 99999993 0 
99999999 99999999 99999997 99999997 0 0 99999999 0 0 0 2 
0 99999999 0 0 99999993 99999993 99999999 99999993 2 99999993 0 
0 99999999 0 0 2 2 99999999 2 99999997 2 0 
0 99999999 0 0 99999993 99999993 99999999 99999993 2 99999993 0 
2 99999999 2 2 0 0 99999999 0 0 0 99999951 
Cost 88

Null dest for 7
R3
99999997 99999999 99999999 99999999 99999999 99999999 99999999 99999999 99999999 99999999 99999999 
99999999 99999999 99999999 99999999 99999999 99999999 99999999 99999999 99999999 99999999 99999999 
99999997 99999999 99999997 99999997 0 0 99999997 99999999 0 0 2 
99999997 99999999 99999997 99999997 0 0 99999997 99999999 0 0 2 
0 99999999 0 0 99999993 99999993 0 99999999 2 99999993 0 
0 99999999 0 0 99999993 99999993 0 99999999 2 99999993 0 
99999997 99999999 99999997 99999997 0 0 99999997 99999999 0 0 2 
99999999 99999999 0 0 99999993 99999993 0 99999999 2 99999993 0 
0 99999999 0 0 2 2 0 99999999 99999997 2 0 
0 99999999 0 0 99999993 99999993 0 99999999 2 99999993 0 
2 99999999 2 2 0 0 2 99999999 0 0 99999951 
Cost 100000081

Null dest for 8
R3
99999997 99999999 99999999 99999999 99999999 99999999 99999999 99999999 99999999 99999999 99999999 
99999999 99999999 99999999 99999999 99999999 99999999 99999999 99999999 99999999 99999999 99999999 
99999997 99999999 99999997 99999997 0 0 99999997 0 99999999 0 2 
99999997 99999999 99999997 99999997 0 0 99999997 0 99999999 0 2 
0 99999999 0 0 99999993 99999993 0 99999993 99999999 99999993 0 
0 99999999 0 0 99999993 99999993 0 99999993 99999999 99999993 0 
99999997 99999999 99999997 99999997 0 0 99999997 0 99999999 0 2 
0 99999999 0 0 99999993 99999993 0 99999993 99999999 99999993 0 
99999999 99999999 0 0 2 2 0 2 99999999 2 0 
0 99999999 0 0 99999993 99999993 0 99999993 99999999 99999993 0 
2 99999999 2 2 0 0 2 0 99999999 0 99999951 
Cost 90

Null dest for 9
R3
99999997 99999999 99999999 99999999 99999999 99999999 99999999 99999999 99999999 99999999 99999999 
99999999 99999999 99999999 99999999 99999999 99999999 99999999 99999999 99999999 99999999 99999999 
99999997 99999999 99999997 99999997 0 0 99999997 0 0 99999999 2 
99999997 99999999 99999997 99999997 0 0 99999997 0 0 99999999 2 
0 99999999 0 0 99999993 99999993 0 99999993 2 99999999 0 
0 99999999 0 0 99999993 99999993 0 99999993 2 99999999 0 
99999997 99999999 99999997 99999997 0 0 99999997 0 0 99999999 2 
0 99999999 0 0 99999993 99999993 0 99999993 2 99999999 0 
0 99999999 0 0 2 2 0 2 99999997 99999999 0 
99999999 99999999 0 0 99999993 99999993 0 99999993 2 99999999 0 
2 99999999 2 2 0 0 2 0 0 99999999 99999951 
Cost 100000081

Null dest for 10
R3
99999997 99999999 99999999 99999999 99999999 99999999 99999999 99999999 99999999 99999999 99999999 
99999999 99999999 99999999 99999999 99999999 99999999 99999999 99999999 99999999 99999999 99999999 
99999997 99999999 99999997 99999997 0 0 99999997 0 0 0 99999999 
99999997 99999999 99999997 99999997 0 0 99999997 0 0 0 99999999 
0 99999999 0 0 99999993 99999993 0 99999993 2 99999993 99999999 
0 99999999 0 0 99999993 99999993 0 99999993 2 99999993 99999999 
99999997 99999999 99999997 99999997 0 0 99999997 0 0 0 99999999 
0 99999999 0 0 99999993 99999993 0 99999993 2 99999993 99999999 
0 99999999 0 0 2 2 0 2 99999997 2 99999999 
0 99999999 0 0 99999993 99999993 0 99999993 2 99999993 99999999 
99999999 99999999 2 2 0 0 2 0 0 0 99999999 
Cost 88

R3
99999997 99999999 99999999 99999999 99999999 99999999 99999999 99999999 99999999 99999999 99999999 
99999999 99999999 99999999 99999999 99999999 99999999 99999999 99999999 99999999 99999999 99999999 
99999999 99999999 99999999 99999997 0 0 99999997 0 0 0 2 
99999997 99999999 99999999 99999997 0 0 99999997 0 0 0 2 
0 99999999 99999999 0 99999993 99999993 0 99999993 2 99999993 0 
0 99999999 99999999 0 99999993 99999993 0 99999993 2 99999993 0 
99999997 99999999 99999999 99999997 0 0 99999997 0 0 0 2 
0 99999999 99999999 0 99999993 99999993 0 99999993 2 99999993 0 
0 99999999 99999999 0 2 2 0 2 99999997 2 0 
0 99999999 99999999 0 99999993 99999993 0 99999993 2 99999993 0 
2 99999999 99999999 2 0 0 2 0 0 0 99999951 
Cost 88
Before
2 3 4 5 6 7 8 9 10 
src = 2
After
3 4 5 6 7 8 9 10 index 3

R3
99999997 99999999 99999999 99999999 99999999 99999999 99999999 99999999 99999999 99999999 99999999 
99999999 99999999 99999999 99999999 99999999 99999999 99999999 99999999 99999999 99999999 99999999 
99999999 99999999 99999999 99999999 99999999 99999999 99999999 99999999 99999999 99999999 99999999 
99999997 99999999 99999999 99999997 0 0 99999997 0 0 0 2 
0 99999999 99999999 0 99999993 99999993 0 99999993 2 99999993 0 
0 99999999 99999999 0 99999993 99999993 0 99999993 2 99999993 0 
99999997 99999999 99999999 99999997 0 0 99999997 0 0 0 2 
0 99999999 99999999 0 99999993 99999993 0 99999993 2 99999993 0 
0 99999999 99999999 0 2 2 0 2 99999997 2 0 
0 99999999 99999999 0 99999993 99999993 0 99999993 2 99999993 0 
2 99999999 99999999 2 0 0 2 0 0 0 99999951 
Cost 88
left3 over 3
left3 over 4
left3 over 5
left3 over 6
left3 over 7
left3 over 8
left3 over 9
left3 over 10

Null dest for 3
R4
99999997 99999999 99999999 99999999 99999999 99999999 99999999 99999999 99999999 99999999 99999999 
99999999 99999999 99999999 99999999 99999999 99999999 99999999 99999999 99999999 99999999 99999999 
99999999 99999999 99999999 99999999 99999999 99999999 99999999 99999999 99999999 99999999 99999999 
99999999 99999999 99999999 99999999 0 0 99999997 0 0 0 2 
0 99999999 99999999 99999999 99999993 99999993 0 99999993 2 99999993 0 
0 99999999 99999999 99999999 99999993 99999993 0 99999993 2 99999993 0 
99999997 99999999 99999999 99999999 0 0 99999997 0 0 0 2 
0 99999999 99999999 99999999 99999993 99999993 0 99999993 2 99999993 0 
0 99999999 99999999 99999999 2 2 0 2 99999997 2 0 
0 99999999 99999999 99999999 99999993 99999993 0 99999993 2 99999993 0 
2 99999999 99999999 99999999 0 0 2 0 0 0 99999951 
Cost 100000085

Null dest for 4
R4
99999997 99999999 99999999 99999999 99999999 99999999 99999999 99999999 99999999 99999999 99999999 
99999999 99999999 99999999 99999999 99999999 99999999 99999999 99999999 99999999 99999999 99999999 
99999999 99999999 99999999 99999999 99999999 99999999 99999999 99999999 99999999 99999999 99999999 
99999997 99999999 99999999 99999997 99999999 0 99999997 0 0 0 2 
99999999 99999999 99999999 0 99999999 99999993 0 99999993 2 99999993 0 
0 99999999 99999999 0 99999999 99999993 0 99999993 2 99999993 0 
99999997 99999999 99999999 99999997 99999999 0 99999997 0 0 0 2 
0 99999999 99999999 0 99999999 99999993 0 99999993 2 99999993 0 
0 99999999 99999999 0 99999999 2 0 2 99999997 2 0 
0 99999999 99999999 0 99999999 99999993 0 99999993 2 99999993 0 
2 99999999 99999999 2 99999999 0 2 0 0 0 99999951 
Cost 88

Null dest for 5
R4
99999997 99999999 99999999 99999999 99999999 99999999 99999999 99999999 99999999 99999999 99999999 
99999999 99999999 99999999 99999999 99999999 99999999 99999999 99999999 99999999 99999999 99999999 
99999999 99999999 99999999 99999999 99999999 99999999 99999999 99999999 99999999 99999999 99999999 
99999997 99999999 99999999 99999997 0 99999999 99999997 0 0 0 2 
0 99999999 99999999 0 99999993 99999999 0 99999993 2 99999993 0 
99999999 99999999 99999999 0 99999993 99999999 0 99999993 2 99999993 0 
99999997 99999999 99999999 99999997 0 99999999 99999997 0 0 0 2 
0 99999999 99999999 0 99999993 99999999 0 99999993 2 99999993 0 
0 99999999 99999999 0 2 99999999 0 2 99999997 2 0 
0 99999999 99999999 0 99999993 99999999 0 99999993 2 99999993 0 
2 99999999 99999999 2 0 99999999 2 0 0 0 99999951 
Cost 88

Null dest for 6
R4
99999997 99999999 99999999 99999999 99999999 99999999 99999999 99999999 99999999 99999999 99999999 
99999999 99999999 99999999 99999999 99999999 99999999 99999999 99999999 99999999 99999999 99999999 
99999999 99999999 99999999 99999999 99999999 99999999 99999999 99999999 99999999 99999999 99999999 
99999997 99999999 99999999 99999997 0 0 99999999 0 0 0 2 
0 99999999 99999999 0 99999993 99999993 99999999 99999993 2 99999993 0 
0 99999999 99999999 0 99999993 99999993 99999999 99999993 2 99999993 0 
99999999 99999999 99999999 99999997 0 0 99999999 0 0 0 2 
0 99999999 99999999 0 99999993 99999993 99999999 99999993 2 99999993 0 
0 99999999 99999999 0 2 2 99999999 2 99999997 2 0 
0 99999999 99999999 0 99999993 99999993 99999999 99999993 2 99999993 0 
2 99999999 99999999 2 0 0 99999999 0 0 0 99999951 
Cost 100000085

Null dest for 7
R4
99999997 99999999 99999999 99999999 99999999 99999999 99999999 99999999 99999999 99999999 99999999 
99999999 99999999 99999999 99999999 99999999 99999999 99999999 99999999 99999999 99999999 99999999 
99999999 99999999 99999999 99999999 99999999 99999999 99999999 99999999 99999999 99999999 99999999 
99999997 99999999 99999999 99999997 0 0 99999997 99999999 0 0 2 
0 99999999 99999999 0 99999993 99999993 0 99999999 2 99999993 0 
0 99999999 99999999 0 99999993 99999993 0 99999999 2 99999993 0 
99999997 99999999 99999999 99999997 0 0 99999997 99999999 0 0 2 
99999999 99999999 99999999 0 99999993 99999993 0 99999999 2 99999993 0 
0 99999999 99999999 0 2 2 0 99999999 99999997 2 0 
0 99999999 99999999 0 99999993 99999993 0 99999999 2 99999993 0 
2 99999999 99999999 2 0 0 2 99999999 0 0 99999951 
Cost 88

Null dest for 8
R4
99999997 99999999 99999999 99999999 99999999 99999999 99999999 99999999 99999999 99999999 99999999 
99999999 99999999 99999999 99999999 99999999 99999999 99999999 99999999 99999999 99999999 99999999 
99999999 99999999 99999999 99999999 99999999 99999999 99999999 99999999 99999999 99999999 99999999 
99999997 99999999 99999999 99999997 0 0 99999997 0 99999999 0 2 
0 99999999 99999999 0 99999993 99999993 0 99999993 99999999 99999993 0 
0 99999999 99999999 0 99999993 99999993 0 99999993 99999999 99999993 0 
99999997 99999999 99999999 99999997 0 0 99999997 0 99999999 0 2 
0 99999999 99999999 0 99999993 99999993 0 99999993 99999999 99999993 0 
99999999 99999999 99999999 0 2 2 0 2 99999999 2 0 
0 99999999 99999999 0 99999993 99999993 0 99999993 99999999 99999993 0 
2 99999999 99999999 2 0 0 2 0 99999999 0 99999951 
Cost 88

Null dest for 9
R4
99999997 99999999 99999999 99999999 99999999 99999999 99999999 99999999 99999999 99999999 99999999 
99999999 99999999 99999999 99999999 99999999 99999999 99999999 99999999 99999999 99999999 99999999 
99999999 99999999 99999999 99999999 99999999 99999999 99999999 99999999 99999999 99999999 99999999 
99999997 99999999 99999999 99999997 0 0 99999997 0 0 99999999 2 
0 99999999 99999999 0 99999993 99999993 0 99999993 2 99999999 0 
0 99999999 99999999 0 99999993 99999993 0 99999993 2 99999999 0 
99999997 99999999 99999999 99999997 0 0 99999997 0 0 99999999 2 
0 99999999 99999999 0 99999993 99999993 0 99999993 2 99999999 0 
0 99999999 99999999 0 2 2 0 2 99999997 99999999 0 
99999999 99999999 99999999 0 99999993 99999993 0 99999993 2 99999999 0 
2 99999999 99999999 2 0 0 2 0 0 99999999 99999951 
Cost 88

Null dest for 10
R4
99999997 99999999 99999999 99999999 99999999 99999999 99999999 99999999 99999999 99999999 99999999 
99999999 99999999 99999999 99999999 99999999 99999999 99999999 99999999 99999999 99999999 99999999 
99999999 99999999 99999999 99999999 99999999 99999999 99999999 99999999 99999999 99999999 99999999 
99999997 99999999 99999999 99999997 0 0 99999997 0 0 0 99999999 
0 99999999 99999999 0 99999993 99999993 0 99999993 2 99999993 99999999 
0 99999999 99999999 0 99999993 99999993 0 99999993 2 99999993 99999999 
99999997 99999999 99999999 99999997 0 0 99999997 0 0 0 99999999 
0 99999999 99999999 0 99999993 99999993 0 99999993 2 99999993 99999999 
0 99999999 99999999 0 2 2 0 2 99999997 2 99999999 
0 99999999 99999999 0 99999993 99999993 0 99999993 2 99999993 99999999 
99999999 99999999 99999999 2 0 0 2 0 0 0 99999999 
Cost 90

R4
99999997 99999999 99999999 99999999 99999999 99999999 99999999 99999999 99999999 99999999 99999999 
99999999 99999999 99999999 99999999 99999999 99999999 99999999 99999999 99999999 99999999 99999999 
99999999 99999999 99999999 99999999 99999999 99999999 99999999 99999999 99999999 99999999 99999999 
99999997 99999999 99999999 99999997 99999999 0 99999997 0 0 0 2 
99999999 99999999 99999999 0 99999999 99999993 0 99999993 2 99999993 0 
0 99999999 99999999 0 99999999 99999993 0 99999993 2 99999993 0 
99999997 99999999 99999999 99999997 99999999 0 99999997 0 0 0 2 
0 99999999 99999999 0 99999999 99999993 0 99999993 2 99999993 0 
0 99999999 99999999 0 99999999 2 0 2 99999997 2 0 
0 99999999 99999999 0 99999999 99999993 0 99999993 2 99999993 0 
2 99999999 99999999 2 99999999 0 2 0 0 0 99999951 
Cost 88
Before
3 4 5 6 7 8 9 10 
src = 4
After
3 5 6 7 8 9 10 index 4

R4
99999997 99999999 99999999 99999999 99999999 99999999 99999999 99999999 99999999 99999999 99999999 
99999999 99999999 99999999 99999999 99999999 99999999 99999999 99999999 99999999 99999999 99999999 
99999999 99999999 99999999 99999999 99999999 99999999 99999999 99999999 99999999 99999999 99999999 
99999997 99999999 99999999 99999997 99999999 0 99999997 0 0 0 2 
99999999 99999999 99999999 99999999 99999999 99999999 99999999 99999999 99999999 99999999 99999999 
0 99999999 99999999 0 99999999 99999993 0 99999993 2 99999993 0 
99999997 99999999 99999999 99999997 99999999 0 99999997 0 0 0 2 
0 99999999 99999999 0 99999999 99999993 0 99999993 2 99999993 0 
0 99999999 99999999 0 99999999 2 0 2 99999997 2 0 
0 99999999 99999999 0 99999999 99999993 0 99999993 2 99999993 0 
2 99999999 99999999 2 99999999 0 2 0 0 0 99999951 
Cost 88
left4 over 3
left4 over 5
left4 over 6
left4 over 7
left4 over 8
left4 over 9
left4 over 10

Null dest for 3
R5
99999997 99999999 99999999 99999999 99999999 99999999 99999999 99999999 99999999 99999999 99999999 
99999999 99999999 99999999 99999999 99999999 99999999 99999999 99999999 99999999 99999999 99999999 
99999999 99999999 99999999 99999999 99999999 99999999 99999999 99999999 99999999 99999999 99999999 
99999999 99999999 99999999 99999999 99999999 0 99999997 0 0 0 2 
99999999 99999999 99999999 99999999 99999999 99999999 99999999 99999999 99999999 99999999 99999999 
0 99999999 99999999 99999999 99999999 99999993 0 99999993 2 99999993 0 
99999997 99999999 99999999 99999999 99999999 0 99999997 0 0 0 2 
0 99999999 99999999 99999999 99999999 99999993 0 99999993 2 99999993 0 
0 99999999 99999999 99999999 99999999 2 0 2 99999997 2 0 
0 99999999 99999999 99999999 99999999 99999993 0 99999993 2 99999993 0 
2 99999999 99999999 99999999 99999999 0 2 0 0 0 99999951 
Cost 88

Null dest for 5
R5
99999997 99999999 99999999 99999999 99999999 99999999 99999999 99999999 99999999 99999999 99999999 
99999999 99999999 99999999 99999999 99999999 99999999 99999999 99999999 99999999 99999999 99999999 
99999999 99999999 99999999 99999999 99999999 99999999 99999999 99999999 99999999 99999999 99999999 
99999997 99999999 99999999 99999997 99999999 99999999 99999997 0 0 0 2 
99999999 99999999 99999999 99999999 99999999 99999999 99999999 99999999 99999999 99999999 99999999 
99999999 99999999 99999999 0 99999999 99999999 0 99999993 2 99999993 0 
99999997 99999999 99999999 99999997 99999999 99999999 99999997 0 0 0 2 
0 99999999 99999999 0 99999999 99999999 0 99999993 2 99999993 0 
0 99999999 99999999 0 99999999 99999999 0 2 99999997 2 0 
0 99999999 99999999 0 99999999 99999999 0 99999993 2 99999993 0 
2 99999999 99999999 2 99999999 99999999 2 0 0 0 99999951 
Cost 100000081

Null dest for 6
R5
99999997 99999999 99999999 99999999 99999999 99999999 99999999 99999999 99999999 99999999 99999999 
99999999 99999999 99999999 99999999 99999999 99999999 99999999 99999999 99999999 99999999 99999999 
99999999 99999999 99999999 99999999 99999999 99999999 99999999 99999999 99999999 99999999 99999999 
99999997 99999999 99999999 99999997 99999999 0 99999999 0 0 0 2 
99999999 99999999 99999999 99999999 99999999 99999999 99999999 99999999 99999999 99999999 99999999 
0 99999999 99999999 0 99999999 99999993 99999999 99999993 2 99999993 0 
99999999 99999999 99999999 99999997 99999999 0 99999999 0 0 0 2 
0 99999999 99999999 0 99999999 99999993 99999999 99999993 2 99999993 0 
0 99999999 99999999 0 99999999 2 99999999 2 99999997 2 0 
0 99999999 99999999 0 99999999 99999993 99999999 99999993 2 99999993 0 
2 99999999 99999999 2 99999999 0 99999999 0 0 0 99999951 
Cost 88

Null dest for 7
R5
99999997 99999999 99999999 99999999 99999999 99999999 99999999 99999999 99999999 99999999 99999999 
99999999 99999999 99999999 99999999 99999999 99999999 99999999 99999999 99999999 99999999 99999999 
99999999 99999999 99999999 99999999 99999999 99999999 99999999 99999999 99999999 99999999 99999999 
99999997 99999999 99999999 99999997 99999999 0 99999997 99999999 0 0 2 
99999999 99999999 99999999 99999999 99999999 99999999 99999999 99999999 99999999 99999999 99999999 
0 99999999 99999999 0 99999999 99999993 0 99999999 2 99999993 0 
99999997 99999999 99999999 99999997 99999999 0 99999997 99999999 0 0 2 
99999999 99999999 99999999 0 99999999 99999993 0 99999999 2 99999993 0 
0 99999999 99999999 0 99999999 2 0 99999999 99999997 2 0 
0 99999999 99999999 0 99999999 99999993 0 99999999 2 99999993 0 
2 99999999 99999999 2 99999999 0 2 99999999 0 0 99999951 
Cost 100000081

Null dest for 8
R5
99999997 99999999 99999999 99999999 99999999 99999999 99999999 99999999 99999999 99999999 99999999 
99999999 99999999 99999999 99999999 99999999 99999999 99999999 99999999 99999999 99999999 99999999 
99999999 99999999 99999999 99999999 99999999 99999999 99999999 99999999 99999999 99999999 99999999 
99999997 99999999 99999999 99999997 99999999 0 99999997 0 99999999 0 2 
99999999 99999999 99999999 99999999 99999999 99999999 99999999 99999999 99999999 99999999 99999999 
0 99999999 99999999 0 99999999 99999993 0 99999993 99999999 99999993 0 
99999997 99999999 99999999 99999997 99999999 0 99999997 0 99999999 0 2 
0 99999999 99999999 0 99999999 99999993 0 99999993 99999999 99999993 0 
99999999 99999999 99999999 0 99999999 2 0 2 99999999 2 0 
0 99999999 99999999 0 99999999 99999993 0 99999993 99999999 99999993 0 
2 99999999 99999999 2 99999999 0 2 0 99999999 0 99999951 
Cost 90

Null dest for 9
R5
99999997 99999999 99999999 99999999 99999999 99999999 99999999 99999999 99999999 99999999 99999999 
99999999 99999999 99999999 99999999 99999999 99999999 99999999 99999999 99999999 99999999 99999999 
99999999 99999999 99999999 99999999 99999999 99999999 99999999 99999999 99999999 99999999 99999999 
99999997 99999999 99999999 99999997 99999999 0 99999997 0 0 99999999 2 
99999999 99999999 99999999 99999999 99999999 99999999 99999999 99999999 99999999 99999999 99999999 
0 99999999 99999999 0 99999999 99999993 0 99999993 2 99999999 0 
99999997 99999999 99999999 99999997 99999999 0 99999997 0 0 99999999 2 
0 99999999 99999999 0 99999999 99999993 0 99999993 2 99999999 0 
0 99999999 99999999 0 99999999 2 0 2 99999997 99999999 0 
99999999 99999999 99999999 0 99999999 99999993 0 99999993 2 99999999 0 
2 99999999 99999999 2 99999999 0 2 0 0 99999999 99999951 
Cost 100000081

Null dest for 10
R5
99999997 99999999 99999999 99999999 99999999 99999999 99999999 99999999 99999999 99999999 99999999 
99999999 99999999 99999999 99999999 99999999 99999999 99999999 99999999 99999999 99999999 99999999 
99999999 99999999 99999999 99999999 99999999 99999999 99999999 99999999 99999999 99999999 99999999 
99999997 99999999 99999999 99999997 99999999 0 99999997 0 0 0 99999999 
99999999 99999999 99999999 99999999 99999999 99999999 99999999 99999999 99999999 99999999 99999999 
0 99999999 99999999 0 99999999 99999993 0 99999993 2 99999993 99999999 
99999997 99999999 99999999 99999997 99999999 0 99999997 0 0 0 99999999 
0 99999999 99999999 0 99999999 99999993 0 99999993 2 99999993 99999999 
0 99999999 99999999 0 99999999 2 0 2 99999997 2 99999999 
0 99999999 99999999 0 99999999 99999993 0 99999993 2 99999993 99999999 
99999999 99999999 99999999 2 99999999 0 2 0 0 0 99999999 
Cost 88

R5
99999997 99999999 99999999 99999999 99999999 99999999 99999999 99999999 99999999 99999999 99999999 
99999999 99999999 99999999 99999999 99999999 99999999 99999999 99999999 99999999 99999999 99999999 
99999999 99999999 99999999 99999999 99999999 99999999 99999999 99999999 99999999 99999999 99999999 
99999999 99999999 99999999 99999999 99999999 0 99999997 0 0 0 2 
99999999 99999999 99999999 99999999 99999999 99999999 99999999 99999999 99999999 99999999 99999999 
0 99999999 99999999 99999999 99999999 99999993 0 99999993 2 99999993 0 
99999997 99999999 99999999 99999999 99999999 0 99999997 0 0 0 2 
0 99999999 99999999 99999999 99999999 99999993 0 99999993 2 99999993 0 
0 99999999 99999999 99999999 99999999 2 0 2 99999997 2 0 
0 99999999 99999999 99999999 99999999 99999993 0 99999993 2 99999993 0 
2 99999999 99999999 99999999 99999999 0 2 0 0 0 99999951 
Cost 88
Before
3 5 6 7 8 9 10 
src = 3
After
5 6 7 8 9 10 index 5

R5
99999997 99999999 99999999 99999999 99999999 99999999 99999999 99999999 99999999 99999999 99999999 
99999999 99999999 99999999 99999999 99999999 99999999 99999999 99999999 99999999 99999999 99999999 
99999999 99999999 99999999 99999999 99999999 99999999 99999999 99999999 99999999 99999999 99999999 
99999999 99999999 99999999 99999999 99999999 99999999 99999999 99999999 99999999 99999999 99999999 
99999999 99999999 99999999 99999999 99999999 99999999 99999999 99999999 99999999 99999999 99999999 
0 99999999 99999999 99999999 99999999 99999993 0 99999993 2 99999993 0 
99999997 99999999 99999999 99999999 99999999 0 99999997 0 0 0 2 
0 99999999 99999999 99999999 99999999 99999993 0 99999993 2 99999993 0 
0 99999999 99999999 99999999 99999999 2 0 2 99999997 2 0 
0 99999999 99999999 99999999 99999999 99999993 0 99999993 2 99999993 0 
2 99999999 99999999 99999999 99999999 0 2 0 0 0 99999951 
Cost 88
left5 over 5
left5 over 6
left5 over 7
left5 over 8
left5 over 9
left5 over 10

Null dest for 5
R6
99999997 99999999 99999999 99999999 99999999 99999999 99999999 99999999 99999999 99999999 99999999 
99999999 99999999 99999999 99999999 99999999 99999999 99999999 99999999 99999999 99999999 99999999 
99999999 99999999 99999999 99999999 99999999 99999999 99999999 99999999 99999999 99999999 99999999 
99999999 99999999 99999999 99999999 99999999 99999999 99999999 99999999 99999999 99999999 99999999 
99999999 99999999 99999999 99999999 99999999 99999999 99999999 99999999 99999999 99999999 99999999 
99999999 99999999 99999999 99999999 99999999 99999999 0 99999993 2 99999993 0 
99999997 99999999 99999999 99999999 99999999 99999999 99999997 0 0 0 2 
0 99999999 99999999 99999999 99999999 99999999 0 99999993 2 99999993 0 
0 99999999 99999999 99999999 99999999 99999999 0 2 99999997 2 0 
0 99999999 99999999 99999999 99999999 99999999 0 99999993 2 99999993 0 
2 99999999 99999999 99999999 99999999 99999999 2 0 0 0 99999951 
Cost 88

Null dest for 6
R6
99999997 99999999 99999999 99999999 99999999 99999999 99999999 99999999 99999999 99999999 99999999 
99999999 99999999 99999999 99999999 99999999 99999999 99999999 99999999 99999999 99999999 99999999 
99999999 99999999 99999999 99999999 99999999 99999999 99999999 99999999 99999999 99999999 99999999 
99999999 99999999 99999999 99999999 99999999 99999999 99999999 99999999 99999999 99999999 99999999 
99999999 99999999 99999999 99999999 99999999 99999999 99999999 99999999 99999999 99999999 99999999 
0 99999999 99999999 99999999 99999999 99999993 99999999 99999993 2 99999993 0 
99999999 99999999 99999999 99999999 99999999 0 99999999 0 0 0 2 
0 99999999 99999999 99999999 99999999 99999993 99999999 99999993 2 99999993 0 
0 99999999 99999999 99999999 99999999 2 99999999 2 99999997 2 0 
0 99999999 99999999 99999999 99999999 99999993 99999999 99999993 2 99999993 0 
2 99999999 99999999 99999999 99999999 0 99999999 0 0 0 99999951 
Cost 100000085

Null dest for 7
R6
99999997 99999999 99999999 99999999 99999999 99999999 99999999 99999999 99999999 99999999 99999999 
99999999 99999999 99999999 99999999 99999999 99999999 99999999 99999999 99999999 99999999 99999999 
99999999 99999999 99999999 99999999 99999999 99999999 99999999 99999999 99999999 99999999 99999999 
99999999 99999999 99999999 99999999 99999999 99999999 99999999 99999999 99999999 99999999 99999999 
99999999 99999999 99999999 99999999 99999999 99999999 99999999 99999999 99999999 99999999 99999999 
0 99999999 99999999 99999999 99999999 99999993 0 99999999 2 99999993 0 
99999997 99999999 99999999 99999999 99999999 0 99999997 99999999 0 0 2 
99999999 99999999 99999999 99999999 99999999 99999993 0 99999999 2 99999993 0 
0 99999999 99999999 99999999 99999999 2 0 99999999 99999997 2 0 
0 99999999 99999999 99999999 99999999 99999993 0 99999999 2 99999993 0 
2 99999999 99999999 99999999 99999999 0 2 99999999 0 0 99999951 
Cost 88

Null dest for 8
R6
99999997 99999999 99999999 99999999 99999999 99999999 99999999 99999999 99999999 99999999 99999999 
99999999 99999999 99999999 99999999 99999999 99999999 99999999 99999999 99999999 99999999 99999999 
99999999 99999999 99999999 99999999 99999999 99999999 99999999 99999999 99999999 99999999 99999999 
99999999 99999999 99999999 99999999 99999999 99999999 99999999 99999999 99999999 99999999 99999999 
99999999 99999999 99999999 99999999 99999999 99999999 99999999 99999999 99999999 99999999 99999999 
0 99999999 99999999 99999999 99999999 99999993 0 99999993 99999999 99999993 0 
99999997 99999999 99999999 99999999 99999999 0 99999997 0 99999999 0 2 
0 99999999 99999999 99999999 99999999 99999993 0 99999993 99999999 99999993 0 
99999999 99999999 99999999 99999999 99999999 2 0 2 99999999 2 0 
0 99999999 99999999 99999999 99999999 99999993 0 99999993 99999999 99999993 0 
2 99999999 99999999 99999999 99999999 0 2 0 99999999 0 99999951 
Cost 88

Null dest for 9
R6
99999997 99999999 99999999 99999999 99999999 99999999 99999999 99999999 99999999 99999999 99999999 
99999999 99999999 99999999 99999999 99999999 99999999 99999999 99999999 99999999 99999999 99999999 
99999999 99999999 99999999 99999999 99999999 99999999 99999999 99999999 99999999 99999999 99999999 
99999999 99999999 99999999 99999999 99999999 99999999 99999999 99999999 99999999 99999999 99999999 
99999999 99999999 99999999 99999999 99999999 99999999 99999999 99999999 99999999 99999999 99999999 
0 99999999 99999999 99999999 99999999 99999993 0 99999993 2 99999999 0 
99999997 99999999 99999999 99999999 99999999 0 99999997 0 0 99999999 2 
0 99999999 99999999 99999999 99999999 99999993 0 99999993 2 99999999 0 
0 99999999 99999999 99999999 99999999 2 0 2 99999997 99999999 0 
99999999 99999999 99999999 99999999 99999999 99999993 0 99999993 2 99999999 0 
2 99999999 99999999 99999999 99999999 0 2 0 0 99999999 99999951 
Cost 88

Null dest for 10
R6
99999997 99999999 99999999 99999999 99999999 99999999 99999999 99999999 99999999 99999999 99999999 
99999999 99999999 99999999 99999999 99999999 99999999 99999999 99999999 99999999 99999999 99999999 
99999999 99999999 99999999 99999999 99999999 99999999 99999999 99999999 99999999 99999999 99999999 
99999999 99999999 99999999 99999999 99999999 99999999 99999999 99999999 99999999 99999999 99999999 
99999999 99999999 99999999 99999999 99999999 99999999 99999999 99999999 99999999 99999999 99999999 
0 99999999 99999999 99999999 99999999 99999993 0 99999993 2 99999993 99999999 
99999997 99999999 99999999 99999999 99999999 0 99999997 0 0 0 99999999 
0 99999999 99999999 99999999 99999999 99999993 0 99999993 2 99999993 99999999 
0 99999999 99999999 99999999 99999999 2 0 2 99999997 2 99999999 
0 99999999 99999999 99999999 99999999 99999993 0 99999993 2 99999993 99999999 
99999999 99999999 99999999 99999999 99999999 0 2 0 0 0 99999999 
Cost 90

R6
99999997 99999999 99999999 99999999 99999999 99999999 99999999 99999999 99999999 99999999 99999999 
99999999 99999999 99999999 99999999 99999999 99999999 99999999 99999999 99999999 99999999 99999999 
99999999 99999999 99999999 99999999 99999999 99999999 99999999 99999999 99999999 99999999 99999999 
99999999 99999999 99999999 99999999 99999999 99999999 99999999 99999999 99999999 99999999 99999999 
99999999 99999999 99999999 99999999 99999999 99999999 99999999 99999999 99999999 99999999 99999999 
99999999 99999999 99999999 99999999 99999999 99999999 0 99999993 2 99999993 0 
99999997 99999999 99999999 99999999 99999999 99999999 99999997 0 0 0 2 
0 99999999 99999999 99999999 99999999 99999999 0 99999993 2 99999993 0 
0 99999999 99999999 99999999 99999999 99999999 0 2 99999997 2 0 
0 99999999 99999999 99999999 99999999 99999999 0 99999993 2 99999993 0 
2 99999999 99999999 99999999 99999999 99999999 2 0 0 0 99999951 
Cost 88
Before
5 6 7 8 9 10 
src = 5
After
6 7 8 9 10 index 6

R6
99999997 99999999 99999999 99999999 99999999 99999999 99999999 99999999 99999999 99999999 99999999 
99999999 99999999 99999999 99999999 99999999 99999999 99999999 99999999 99999999 99999999 99999999 
99999999 99999999 99999999 99999999 99999999 99999999 99999999 99999999 99999999 99999999 99999999 
99999999 99999999 99999999 99999999 99999999 99999999 99999999 99999999 99999999 99999999 99999999 
99999999 99999999 99999999 99999999 99999999 99999999 99999999 99999999 99999999 99999999 99999999 
99999999 99999999 99999999 99999999 99999999 99999999 99999999 99999999 99999999 99999999 99999999 
99999997 99999999 99999999 99999999 99999999 99999999 99999997 0 0 0 2 
0 99999999 99999999 99999999 99999999 99999999 0 99999993 2 99999993 0 
0 99999999 99999999 99999999 99999999 99999999 0 2 99999997 2 0 
0 99999999 99999999 99999999 99999999 99999999 0 99999993 2 99999993 0 
2 99999999 99999999 99999999 99999999 99999999 2 0 0 0 99999951 
Cost 88
left6 over 6
left6 over 7
left6 over 8
left6 over 9
left6 over 10

Null dest for 6
R7
99999997 99999999 99999999 99999999 99999999 99999999 99999999 99999999 99999999 99999999 99999999 
99999999 99999999 99999999 99999999 99999999 99999999 99999999 99999999 99999999 99999999 99999999 
99999999 99999999 99999999 99999999 99999999 99999999 99999999 99999999 99999999 99999999 99999999 
99999999 99999999 99999999 99999999 99999999 99999999 99999999 99999999 99999999 99999999 99999999 
99999999 99999999 99999999 99999999 99999999 99999999 99999999 99999999 99999999 99999999 99999999 
99999999 99999999 99999999 99999999 99999999 99999999 99999999 99999999 99999999 99999999 99999999 
99999999 99999999 99999999 99999999 99999999 99999999 99999999 0 0 0 2 
0 99999999 99999999 99999999 99999999 99999999 99999999 99999993 2 99999993 0 
0 99999999 99999999 99999999 99999999 99999999 99999999 2 99999997 2 0 
0 99999999 99999999 99999999 99999999 99999999 99999999 99999993 2 99999993 0 
2 99999999 99999999 99999999 99999999 99999999 99999999 0 0 0 99999951 
Cost 88

Null dest for 7
R7
99999997 99999999 99999999 99999999 99999999 99999999 99999999 99999999 99999999 99999999 99999999 
99999999 99999999 99999999 99999999 99999999 99999999 99999999 99999999 99999999 99999999 99999999 
99999999 99999999 99999999 99999999 99999999 99999999 99999999 99999999 99999999 99999999 99999999 
99999999 99999999 99999999 99999999 99999999 99999999 99999999 99999999 99999999 99999999 99999999 
99999999 99999999 99999999 99999999 99999999 99999999 99999999 99999999 99999999 99999999 99999999 
99999999 99999999 99999999 99999999 99999999 99999999 99999999 99999999 99999999 99999999 99999999 
99999997 99999999 99999999 99999999 99999999 99999999 99999997 99999999 0 0 2 
99999999 99999999 99999999 99999999 99999999 99999999 0 99999999 2 99999993 0 
0 99999999 99999999 99999999 99999999 99999999 0 99999999 99999997 2 0 
0 99999999 99999999 99999999 99999999 99999999 0 99999999 2 99999993 0 
2 99999999 99999999 99999999 99999999 99999999 2 99999999 0 0 99999951 
Cost 100000081

Null dest for 8
R7
99999997 99999999 99999999 99999999 99999999 99999999 99999999 99999999 99999999 99999999 99999999 
99999999 99999999 99999999 99999999 99999999 99999999 99999999 99999999 99999999 99999999 99999999 
99999999 99999999 99999999 99999999 99999999 99999999 99999999 99999999 99999999 99999999 99999999 
99999999 99999999 99999999 99999999 99999999 99999999 99999999 99999999 99999999 99999999 99999999 
99999999 99999999 99999999 99999999 99999999 99999999 99999999 99999999 99999999 99999999 99999999 
99999999 99999999 99999999 99999999 99999999 99999999 99999999 99999999 99999999 99999999 99999999 
99999997 99999999 99999999 99999999 99999999 99999999 99999997 0 99999999 0 2 
0 99999999 99999999 99999999 99999999 99999999 0 99999993 99999999 99999993 0 
99999999 99999999 99999999 99999999 99999999 99999999 0 2 99999999 2 0 
0 99999999 99999999 99999999 99999999 99999999 0 99999993 99999999 99999993 0 
2 99999999 99999999 99999999 99999999 99999999 2 0 99999999 0 99999951 
Cost 90

Null dest for 9
R7
99999997 99999999 99999999 99999999 99999999 99999999 99999999 99999999 99999999 99999999 99999999 
99999999 99999999 99999999 99999999 99999999 99999999 99999999 99999999 99999999 99999999 99999999 
99999999 99999999 99999999 99999999 99999999 99999999 99999999 99999999 99999999 99999999 99999999 
99999999 99999999 99999999 99999999 99999999 99999999 99999999 99999999 99999999 99999999 99999999 
99999999 99999999 99999999 99999999 99999999 99999999 99999999 99999999 99999999 99999999 99999999 
99999999 99999999 99999999 99999999 99999999 99999999 99999999 99999999 99999999 99999999 99999999 
99999997 99999999 99999999 99999999 99999999 99999999 99999997 0 0 99999999 2 
0 99999999 99999999 99999999 99999999 99999999 0 99999993 2 99999999 0 
0 99999999 99999999 99999999 99999999 99999999 0 2 99999997 99999999 0 
99999999 99999999 99999999 99999999 99999999 99999999 0 99999993 2 99999999 0 
2 99999999 99999999 99999999 99999999 99999999 2 0 0 99999999 99999951 
Cost 100000081

Null dest for 10
R7
99999997 99999999 99999999 99999999 99999999 99999999 99999999 99999999 99999999 99999999 99999999 
99999999 99999999 99999999 99999999 99999999 99999999 99999999 99999999 99999999 99999999 99999999 
99999999 99999999 99999999 99999999 99999999 99999999 99999999 99999999 99999999 99999999 99999999 
99999999 99999999 99999999 99999999 99999999 99999999 99999999 99999999 99999999 99999999 99999999 
99999999 99999999 99999999 99999999 99999999 99999999 99999999 99999999 99999999 99999999 99999999 
99999999 99999999 99999999 99999999 99999999 99999999 99999999 99999999 99999999 99999999 99999999 
99999997 99999999 99999999 99999999 99999999 99999999 99999997 0 0 0 99999999 
0 99999999 99999999 99999999 99999999 99999999 0 99999993 2 99999993 99999999 
0 99999999 99999999 99999999 99999999 99999999 0 2 99999997 2 99999999 
0 99999999 99999999 99999999 99999999 99999999 0 99999993 2 99999993 99999999 
99999999 99999999 99999999 99999999 99999999 99999999 2 0 0 0 99999999 
Cost 88

R7
99999997 99999999 99999999 99999999 99999999 99999999 99999999 99999999 99999999 99999999 99999999 
99999999 99999999 99999999 99999999 99999999 99999999 99999999 99999999 99999999 99999999 99999999 
99999999 99999999 99999999 99999999 99999999 99999999 99999999 99999999 99999999 99999999 99999999 
99999999 99999999 99999999 99999999 99999999 99999999 99999999 99999999 99999999 99999999 99999999 
99999999 99999999 99999999 99999999 99999999 99999999 99999999 99999999 99999999 99999999 99999999 
99999999 99999999 99999999 99999999 99999999 99999999 99999999 99999999 99999999 99999999 99999999 
99999999 99999999 99999999 99999999 99999999 99999999 99999999 0 0 0 2 
0 99999999 99999999 99999999 99999999 99999999 99999999 99999993 2 99999993 0 
0 99999999 99999999 99999999 99999999 99999999 99999999 2 99999997 2 0 
0 99999999 99999999 99999999 99999999 99999999 99999999 99999993 2 99999993 0 
2 99999999 99999999 99999999 99999999 99999999 99999999 0 0 0 99999951 
Cost 88
Before
6 7 8 9 10 
src = 6
After
7 8 9 10 index 7

R7
99999997 99999999 99999999 99999999 99999999 99999999 99999999 99999999 99999999 99999999 99999999 
99999999 99999999 99999999 99999999 99999999 99999999 99999999 99999999 99999999 99999999 99999999 
99999999 99999999 99999999 99999999 99999999 99999999 99999999 99999999 99999999 99999999 99999999 
99999999 99999999 99999999 99999999 99999999 99999999 99999999 99999999 99999999 99999999 99999999 
99999999 99999999 99999999 99999999 99999999 99999999 99999999 99999999 99999999 99999999 99999999 
99999999 99999999 99999999 99999999 99999999 99999999 99999999 99999999 99999999 99999999 99999999 
99999999 99999999 99999999 99999999 99999999 99999999 99999999 99999999 99999999 99999999 99999999 
0 99999999 99999999 99999999 99999999 99999999 99999999 99999993 2 99999993 0 
0 99999999 99999999 99999999 99999999 99999999 99999999 2 99999997 2 0 
0 99999999 99999999 99999999 99999999 99999999 99999999 99999993 2 99999993 0 
2 99999999 99999999 99999999 99999999 99999999 99999999 0 0 0 99999951 
Cost 88
left7 over 7
left7 over 8
left7 over 9
left7 over 10

Null dest for 7
R8
99999997 99999999 99999999 99999999 99999999 99999999 99999999 99999999 99999999 99999999 99999999 
99999999 99999999 99999999 99999999 99999999 99999999 99999999 99999999 99999999 99999999 99999999 
99999999 99999999 99999999 99999999 99999999 99999999 99999999 99999999 99999999 99999999 99999999 
99999999 99999999 99999999 99999999 99999999 99999999 99999999 99999999 99999999 99999999 99999999 
99999999 99999999 99999999 99999999 99999999 99999999 99999999 99999999 99999999 99999999 99999999 
99999999 99999999 99999999 99999999 99999999 99999999 99999999 99999999 99999999 99999999 99999999 
99999999 99999999 99999999 99999999 99999999 99999999 99999999 99999999 99999999 99999999 99999999 
99999999 99999999 99999999 99999999 99999999 99999999 99999999 99999999 2 99999993 0 
0 99999999 99999999 99999999 99999999 99999999 99999999 99999999 99999997 2 0 
0 99999999 99999999 99999999 99999999 99999999 99999999 99999999 2 99999993 0 
2 99999999 99999999 99999999 99999999 99999999 99999999 99999999 0 0 99999951 
Cost 88

Null dest for 8
R8
99999997 99999999 99999999 99999999 99999999 99999999 99999999 99999999 99999999 99999999 99999999 
99999999 99999999 99999999 99999999 99999999 99999999 99999999 99999999 99999999 99999999 99999999 
99999999 99999999 99999999 99999999 99999999 99999999 99999999 99999999 99999999 99999999 99999999 
99999999 99999999 99999999 99999999 99999999 99999999 99999999 99999999 99999999 99999999 99999999 
99999999 99999999 99999999 99999999 99999999 99999999 99999999 99999999 99999999 99999999 99999999 
99999999 99999999 99999999 99999999 99999999 99999999 99999999 99999999 99999999 99999999 99999999 
99999999 99999999 99999999 99999999 99999999 99999999 99999999 99999999 99999999 99999999 99999999 
0 99999999 99999999 99999999 99999999 99999999 99999999 99999993 99999999 99999993 0 
99999999 99999999 99999999 99999999 99999999 99999999 99999999 2 99999999 2 0 
0 99999999 99999999 99999999 99999999 99999999 99999999 99999993 99999999 99999993 0 
2 99999999 99999999 99999999 99999999 99999999 99999999 0 99999999 0 99999951 
Cost 88

Null dest for 9
R8
99999997 99999999 99999999 99999999 99999999 99999999 99999999 99999999 99999999 99999999 99999999 
99999999 99999999 99999999 99999999 99999999 99999999 99999999 99999999 99999999 99999999 99999999 
99999999 99999999 99999999 99999999 99999999 99999999 99999999 99999999 99999999 99999999 99999999 
99999999 99999999 99999999 99999999 99999999 99999999 99999999 99999999 99999999 99999999 99999999 
99999999 99999999 99999999 99999999 99999999 99999999 99999999 99999999 99999999 99999999 99999999 
99999999 99999999 99999999 99999999 99999999 99999999 99999999 99999999 99999999 99999999 99999999 
99999999 99999999 99999999 99999999 99999999 99999999 99999999 99999999 99999999 99999999 99999999 
0 99999999 99999999 99999999 99999999 99999999 99999999 99999993 2 99999999 0 
0 99999999 99999999 99999999 99999999 99999999 99999999 2 99999997 99999999 0 
99999999 99999999 99999999 99999999 99999999 99999999 99999999 99999993 2 99999999 0 
2 99999999 99999999 99999999 99999999 99999999 99999999 0 0 99999999 99999951 
Cost 88

Null dest for 10
R8
99999997 99999999 99999999 99999999 99999999 99999999 99999999 99999999 99999999 99999999 99999999 
99999999 99999999 99999999 99999999 99999999 99999999 99999999 99999999 99999999 99999999 99999999 
99999999 99999999 99999999 99999999 99999999 99999999 99999999 99999999 99999999 99999999 99999999 
99999999 99999999 99999999 99999999 99999999 99999999 99999999 99999999 99999999 99999999 99999999 
99999999 99999999 99999999 99999999 99999999 99999999 99999999 99999999 99999999 99999999 99999999 
99999999 99999999 99999999 99999999 99999999 99999999 99999999 99999999 99999999 99999999 99999999 
99999999 99999999 99999999 99999999 99999999 99999999 99999999 99999999 99999999 99999999 99999999 
0 99999999 99999999 99999999 99999999 99999999 99999999 99999993 2 99999993 99999999 
0 99999999 99999999 99999999 99999999 99999999 99999999 2 99999997 2 99999999 
0 99999999 99999999 99999999 99999999 99999999 99999999 99999993 2 99999993 99999999 
99999999 99999999 99999999 99999999 99999999 99999999 99999999 0 0 0 99999999 
Cost 90

R8
99999997 99999999 99999999 99999999 99999999 99999999 99999999 99999999 99999999 99999999 99999999 
99999999 99999999 99999999 99999999 99999999 99999999 99999999 99999999 99999999 99999999 99999999 
99999999 99999999 99999999 99999999 99999999 99999999 99999999 99999999 99999999 99999999 99999999 
99999999 99999999 99999999 99999999 99999999 99999999 99999999 99999999 99999999 99999999 99999999 
99999999 99999999 99999999 99999999 99999999 99999999 99999999 99999999 99999999 99999999 99999999 
99999999 99999999 99999999 99999999 99999999 99999999 99999999 99999999 99999999 99999999 99999999 
99999999 99999999 99999999 99999999 99999999 99999999 99999999 99999999 99999999 99999999 99999999 
99999999 99999999 99999999 99999999 99999999 99999999 99999999 99999999 2 99999993 0 
0 99999999 99999999 99999999 99999999 99999999 99999999 99999999 99999997 2 0 
0 99999999 99999999 99999999 99999999 99999999 99999999 99999999 2 99999993 0 
2 99999999 99999999 99999999 99999999 99999999 99999999 99999999 0 0 99999951 
Cost 88
Before
7 8 9 10 
src = 7
After
8 9 10 index 8

R8
99999997 99999999 99999999 99999999 99999999 99999999 99999999 99999999 99999999 99999999 99999999 
99999999 99999999 99999999 99999999 99999999 99999999 99999999 99999999 99999999 99999999 99999999 
99999999 99999999 99999999 99999999 99999999 99999999 99999999 99999999 99999999 99999999 99999999 
99999999 99999999 99999999 99999999 99999999 99999999 99999999 99999999 99999999 99999999 99999999 
99999999 99999999 99999999 99999999 99999999 99999999 99999999 99999999 99999999 99999999 99999999 
99999999 99999999 99999999 99999999 99999999 99999999 99999999 99999999 99999999 99999999 99999999 
99999999 99999999 99999999 99999999 99999999 99999999 99999999 99999999 99999999 99999999 99999999 
99999999 99999999 99999999 99999999 99999999 99999999 99999999 99999999 99999999 99999999 99999999 
0 99999999 99999999 99999999 99999999 99999999 99999999 99999999 99999997 2 0 
0 99999999 99999999 99999999 99999999 99999999 99999999 99999999 2 99999993 0 
2 99999999 99999999 99999999 99999999 99999999 99999999 99999999 0 0 99999951 
Cost 88
left8 over 8
left8 over 9
left8 over 10

Null dest for 8
R9
99999997 99999999 99999999 99999999 99999999 99999999 99999999 99999999 99999999 99999999 99999999 
99999999 99999999 99999999 99999999 99999999 99999999 99999999 99999999 99999999 99999999 99999999 
99999999 99999999 99999999 99999999 99999999 99999999 99999999 99999999 99999999 99999999 99999999 
99999999 99999999 99999999 99999999 99999999 99999999 99999999 99999999 99999999 99999999 99999999 
99999999 99999999 99999999 99999999 99999999 99999999 99999999 99999999 99999999 99999999 99999999 
99999999 99999999 99999999 99999999 99999999 99999999 99999999 99999999 99999999 99999999 99999999 
99999999 99999999 99999999 99999999 99999999 99999999 99999999 99999999 99999999 99999999 99999999 
99999999 99999999 99999999 99999999 99999999 99999999 99999999 99999999 99999999 99999999 99999999 
99999999 99999999 99999999 99999999 99999999 99999999 99999999 99999999 99999999 2 0 
0 99999999 99999999 99999999 99999999 99999999 99999999 99999999 99999999 99999993 0 
2 99999999 99999999 99999999 99999999 99999999 99999999 99999999 99999999 0 99999951 
Cost 90

Null dest for 9
R9
99999997 99999999 99999999 99999999 99999999 99999999 99999999 99999999 99999999 99999999 99999999 
99999999 99999999 99999999 99999999 99999999 99999999 99999999 99999999 99999999 99999999 99999999 
99999999 99999999 99999999 99999999 99999999 99999999 99999999 99999999 99999999 99999999 99999999 
99999999 99999999 99999999 99999999 99999999 99999999 99999999 99999999 99999999 99999999 99999999 
99999999 99999999 99999999 99999999 99999999 99999999 99999999 99999999 99999999 99999999 99999999 
99999999 99999999 99999999 99999999 99999999 99999999 99999999 99999999 99999999 99999999 99999999 
99999999 99999999 99999999 99999999 99999999 99999999 99999999 99999999 99999999 99999999 99999999 
99999999 99999999 99999999 99999999 99999999 99999999 99999999 99999999 99999999 99999999 99999999 
0 99999999 99999999 99999999 99999999 99999999 99999999 99999999 99999997 99999999 0 
99999999 99999999 99999999 99999999 99999999 99999999 99999999 99999999 2 99999999 0 
2 99999999 99999999 99999999 99999999 99999999 99999999 99999999 0 99999999 99999951 
Cost 100000081

Null dest for 10
R9
99999997 99999999 99999999 99999999 99999999 99999999 99999999 99999999 99999999 99999999 99999999 
99999999 99999999 99999999 99999999 99999999 99999999 99999999 99999999 99999999 99999999 99999999 
99999999 99999999 99999999 99999999 99999999 99999999 99999999 99999999 99999999 99999999 99999999 
99999999 99999999 99999999 99999999 99999999 99999999 99999999 99999999 99999999 99999999 99999999 
99999999 99999999 99999999 99999999 99999999 99999999 99999999 99999999 99999999 99999999 99999999 
99999999 99999999 99999999 99999999 99999999 99999999 99999999 99999999 99999999 99999999 99999999 
99999999 99999999 99999999 99999999 99999999 99999999 99999999 99999999 99999999 99999999 99999999 
99999999 99999999 99999999 99999999 99999999 99999999 99999999 99999999 99999999 99999999 99999999 
0 99999999 99999999 99999999 99999999 99999999 99999999 99999999 99999997 2 99999999 
0 99999999 99999999 99999999 99999999 99999999 99999999 99999999 2 99999993 99999999 
99999999 99999999 99999999 99999999 99999999 99999999 99999999 99999999 0 0 99999999 
Cost 88

R9
99999997 99999999 99999999 99999999 99999999 99999999 99999999 99999999 99999999 99999999 99999999 
99999999 99999999 99999999 99999999 99999999 99999999 99999999 99999999 99999999 99999999 99999999 
99999999 99999999 99999999 99999999 99999999 99999999 99999999 99999999 99999999 99999999 99999999 
99999999 99999999 99999999 99999999 99999999 99999999 99999999 99999999 99999999 99999999 99999999 
99999999 99999999 99999999 99999999 99999999 99999999 99999999 99999999 99999999 99999999 99999999 
99999999 99999999 99999999 99999999 99999999 99999999 99999999 99999999 99999999 99999999 99999999 
99999999 99999999 99999999 99999999 99999999 99999999 99999999 99999999 99999999 99999999 99999999 
99999999 99999999 99999999 99999999 99999999 99999999 99999999 99999999 99999999 99999999 99999999 
0 99999999 99999999 99999999 99999999 99999999 99999999 99999999 99999997 2 99999999 
0 99999999 99999999 99999999 99999999 99999999 99999999 99999999 2 99999993 99999999 
99999999 99999999 99999999 99999999 99999999 99999999 99999999 99999999 0 0 99999999 
Cost 88
Before
8 9 10 
src = 10
After
8 9 index 9

R9
99999997 99999999 99999999 99999999 99999999 99999999 99999999 99999999 99999999 99999999 99999999 
99999999 99999999 99999999 99999999 99999999 99999999 99999999 99999999 99999999 99999999 99999999 
99999999 99999999 99999999 99999999 99999999 99999999 99999999 99999999 99999999 99999999 99999999 
99999999 99999999 99999999 99999999 99999999 99999999 99999999 99999999 99999999 99999999 99999999 
99999999 99999999 99999999 99999999 99999999 99999999 99999999 99999999 99999999 99999999 99999999 
99999999 99999999 99999999 99999999 99999999 99999999 99999999 99999999 99999999 99999999 99999999 
99999999 99999999 99999999 99999999 99999999 99999999 99999999 99999999 99999999 99999999 99999999 
99999999 99999999 99999999 99999999 99999999 99999999 99999999 99999999 99999999 99999999 99999999 
0 99999999 99999999 99999999 99999999 99999999 99999999 99999999 99999997 2 99999999 
0 99999999 99999999 99999999 99999999 99999999 99999999 99999999 2 99999993 99999999 
99999999 99999999 99999999 99999999 99999999 99999999 99999999 99999999 99999999 99999999 99999999 
Cost 88
left9 over 8
left9 over 9

Null dest for 8
R10
99999997 99999999 99999999 99999999 99999999 99999999 99999999 99999999 99999999 99999999 99999999 
99999999 99999999 99999999 99999999 99999999 99999999 99999999 99999999 99999999 99999999 99999999 
99999999 99999999 99999999 99999999 99999999 99999999 99999999 99999999 99999999 99999999 99999999 
99999999 99999999 99999999 99999999 99999999 99999999 99999999 99999999 99999999 99999999 99999999 
99999999 99999999 99999999 99999999 99999999 99999999 99999999 99999999 99999999 99999999 99999999 
99999999 99999999 99999999 99999999 99999999 99999999 99999999 99999999 99999999 99999999 99999999 
99999999 99999999 99999999 99999999 99999999 99999999 99999999 99999999 99999999 99999999 99999999 
99999999 99999999 99999999 99999999 99999999 99999999 99999999 99999999 99999999 99999999 99999999 
99999997 99999997 99999997 99999997 99999997 99999997 99999997 99999997 99999997 0 99999997 
0 99999999 99999999 99999999 99999999 99999999 99999999 99999999 99999999 99999993 99999999 
99999999 99999999 99999999 99999999 99999999 99999999 99999999 99999999 99999999 99999999 99999999 
Cost 90

Null dest for 9
R10
99999997 99999999 99999999 99999999 99999999 99999999 99999999 99999999 99999999 99999999 99999999 
99999999 99999999 99999999 99999999 99999999 99999999 99999999 99999999 99999999 99999999 99999999 
99999999 99999999 99999999 99999999 99999999 99999999 99999999 99999999 99999999 99999999 99999999 
99999999 99999999 99999999 99999999 99999999 99999999 99999999 99999999 99999999 99999999 99999999 
99999999 99999999 99999999 99999999 99999999 99999999 99999999 99999999 99