Pick a number: name items (1) or read from list(2)?
Give an order list number or type '101' to read the entire file
Include weight? Yes (1) or No (0)
---------------------------------------------------------------------
Order		 Distance	 Weight				 Effort			  Path
281610		 19				 0.000000			 0.000000		(0,0)	(1,0)	(2,0)	(3,0)	(4,0)	(5,0)	(6,0)	(7,0)	(8,0)	(9,0)	(9,1)	(9,2)	(9,3)	(9,4)	(9,5)	(9,6)	(9,7)	(9,8)	(9,9)	(9,10)	
342706		 2				 0.000000			 0.000000		(9,10)	(9,9)	(9,8)	
111873		 0				 0.000000			 0.000000		(9,8)	
198029		 4				 0.000000			 0.000000		(9,8)	(9,9)	(9,10)	(9,11)	(9,12)	
366109		 2				 0.000000			 0.000000		(9,12)	(9,11)	(9,10)	
287261		 2				 0.000000			 0.000000		(9,10)	(9,9)	(9,8)	
76283		 2				 0.000000			 0.000000		(9,8)	(9,9)	(9,10)	
254489		 4				 0.100000			 0.400000		(9,10)	(9,9)	(8,9)	(7,9)	(7,8)	
258540		 4				 0.000000			 0.000000		(7,8)	(7,7)	(8,7)	(9,7)	(9,6)	
286457		 4				 0.000000			 0.000000		(9,6)	(9,7)	(10,7)	(11,7)	(11,6)	
end			 24				 0.000000			 0.000000		(11,6)	(11,7)	(10,7)	(9,7)	(8,7)	(7,7)	(6,7)	(5,7)	(4,7)	(3,7)	(2,7)	(1,7)	(1,8)	(1,9)	(1,10)	(1,11)	(1,12)	(1,13)	(1,14)	(1,15)	(1,16)	(1,17)	(1,18)	(1,19)	(1,20)	
Total Distance = 67	 Total Effort = 0.400000
99999999 4 4 2 99999999 4 99999999 6 4 6 27 
4 99999999 99999999 6 4 99999999 4 2 4 6 27 
4 99999999 99999999 6 4 99999999 4 2 4 6 27 
2 6 6 99999999 2 6 2 8 6 8 29 
99999999 4 4 2 99999999 4 99999999 6 4 6 27 
4 99999999 99999999 6 4 99999999 4 2 4 6 27 
99999999 4 4 2 99999999 4 99999999 6 4 6 27 
6 2 2 8 6 2 6 99999999 6 8 29 
4 4 4 6 4 4 4 6 99999999 2 23 
6 6 6 8 6 6 6 8 2 99999999 21 
27 27 27 29 27 27 27 29 23 21 99999999 
Order = ID 0 = index 0 Order = ID 1 = index 1 Order = ID 2 = index 2 Order = ID 3 = index 3 Order = ID 4 = index 4 Order = ID 5 = index 5 Order = ID 6 = index 6 Order = ID 7 = index 7 Order = ID 8 = index 8 Order = ID 9 = index 9 Order = ID 10 = index 10 

Original
R0
99999999 4 4 2 99999999 4 99999999 6 4 6 27 
4 99999999 99999999 6 4 99999999 4 2 4 6 27 
4 99999999 99999999 6 4 99999999 4 2 4 6 27 
2 6 6 99999999 2 6 2 8 6 8 29 
99999999 4 4 2 99999999 4 99999999 6 4 6 27 
4 99999999 99999999 6 4 99999999 4 2 4 6 27 
99999999 4 4 2 99999999 4 99999999 6 4 6 27 
6 2 2 8 6 2 6 99999999 6 8 29 
4 4 4 6 4 4 4 6 99999999 2 23 
6 6 6 8 6 6 6 8 2 99999999 21 
27 27 27 29 27 27 27 29 23 21 99999999 

Init Reduce
R1
99999997 2 2 0 99999997 2 99999997 4 2 4 6 
2 99999997 99999997 4 2 99999997 2 0 2 4 6 
2 99999997 99999997 4 2 99999997 2 0 2 4 6 
0 4 4 99999997 0 4 0 6 4 6 8 
99999997 2 2 0 99999997 2 99999997 4 2 4 6 
2 99999997 99999997 4 2 99999997 2 0 2 4 6 
99999997 2 2 0 99999997 2 99999997 4 2 4 6 
4 0 0 6 4 0 4 99999997 4 6 8 
2 2 2 4 2 2 2 4 99999997 0 2 
4 4 4 6 4 4 4 6 0 99999997 0 
6 6 6 8 6 6 6 8 2 0 99999959 
LB 60
Before
0 1 2 3 4 5 6 7 8 9 10 
src = 0
After
1 2 3 4 5 6 7 8 9 10 index 1

 Null src
R1
99999997 2 2 0 99999997 2 99999997 4 2 4 6 
2 99999997 99999997 4 2 99999997 2 0 2 4 6 
2 99999997 99999997 4 2 99999997 2 0 2 4 6 
0 4 4 99999997 0 4 0 6 4 6 8 
99999997 2 2 0 99999997 2 99999997 4 2 4 6 
2 99999997 99999997 4 2 99999997 2 0 2 4 6 
99999997 2 2 0 99999997 2 99999997 4 2 4 6 
4 0 0 6 4 0 4 99999997 4 6 8 
2 2 2 4 2 2 2 4 99999997 0 2 
4 4 4 6 4 4 4 6 0 99999997 0 
6 6 6 8 6 6 6 8 2 0 99999959 

Null dest for 1
R2
99999997 0 2 0 99999997 2 99999997 4 2 4 6 
99999999 99999997 99999997 4 2 99999997 2 0 2 4 6 
2 99999997 99999997 4 2 99999997 2 0 2 4 6 
0 99999997 4 99999997 0 4 0 6 4 6 8 
99999997 99999997 2 0 99999997 2 99999997 4 2 4 6 
2 99999997 99999997 4 2 99999997 2 0 2 4 6 
99999997 99999997 2 0 99999997 2 99999997 4 2 4 6 
4 99999997 0 6 4 0 4 99999997 4 6 8 
2 99999997 2 4 2 2 2 4 99999997 0 2 
4 99999997 4 6 4 4 4 6 0 99999997 0 
6 99999997 6 8 6 6 6 8 2 0 99999959 
Cost 64

Null dest for 2
R2
99999997 99999999 99999999 99999999 99999999 99999999 99999999 99999999 99999999 99999999 99999999 
2 99999997 99999999 4 2 99999997 2 0 2 4 6 
99999999 99999997 99999999 4 2 99999997 2 0 2 4 6 
0 4 99999999 99999997 0 4 0 6 4 6 8 
99999997 2 99999999 0 99999997 2 99999997 4 2 4 6 
2 99999997 99999999 4 2 99999997 2 0 2 4 6 
99999997 2 99999999 0 99999997 2 99999997 4 2 4 6 
4 0 99999999 6 4 0 4 99999997 4 6 8 
2 2 99999999 4 2 2 2 4 99999997 0 2 
4 4 99999999 6 4 4 4 6 0 99999997 0 
6 6 99999999 8 6 6 6 8 2 0 99999959 
Cost 62

Null dest for 3
R2
99999995 99999999 99999999 99999999 99999999 99999999 99999999 99999999 99999999 99999999 99999999 
0 99999997 99999997 99999999 2 99999997 2 0 2 4 6 
0 99999997 99999997 99999999 2 99999997 2 0 2 4 6 
99999997 4 4 99999999 0 4 0 6 4 6 8 
99999993 0 0 99999997 99999995 0 99999995 2 0 2 4 
0 99999997 99999997 99999999 2 99999997 2 0 2 4 6 
99999993 0 0 99999997 99999995 0 99999995 2 0 2 4 
2 0 0 99999999 4 0 4 99999997 4 6 8 
0 2 2 99999999 2 2 2 4 99999997 0 2 
2 4 4 99999999 4 4 4 6 0 99999997 0 
4 6 6 99999999 6 6 6 8 2 0 99999959 
Cost 66

Null dest for 4
R2
99999997 99999999 99999999 99999999 99999999 99999999 99999999 99999999 99999999 99999999 99999999 
2 99999997 99999997 4 99999999 99999997 2 0 2 4 6 
2 99999997 99999997 4 99999999 99999997 2 0 2 4 6 
0 4 4 99999997 99999999 4 0 6 4 6 8 
99999999 2 2 0 99999999 2 99999997 4 2 4 6 
2 99999997 99999997 4 99999999 99999997 2 0 2 4 6 
99999997 2 2 0 99999999 2 99999997 4 2 4 6 
4 0 0 6 99999999 0 4 99999997 4 6 8 
2 2 2 4 99999999 2 2 4 99999997 0 2 
4 4 4 6 99999999 4 4 6 0 99999997 0 
6 6 6 8 99999999 6 6 8 2 0 99999959 
Cost 100000057

Null dest for 5
R2
99999997 99999999 99999999 99999999 99999999 99999999 99999999 99999999 99999999 99999999 99999999 
2 99999997 99999997 4 2 99999999 2 0 2 4 6 
2 99999997 99999997 4 2 99999999 2 0 2 4 6 
0 4 4 99999997 0 99999999 0 6 4 6 8 
99999997 2 2 0 99999997 99999999 99999997 4 2 4 6 
99999999 99999997 99999997 4 2 99999999 2 0 2 4 6 
99999997 2 2 0 99999997 99999999 99999997 4 2 4 6 
4 0 0 6 4 99999999 4 99999997 4 6 8 
2 2 2 4 2 99999999 2 4 99999997 0 2 
4 4 4 6 4 99999999 4 6 0 99999997 0 
6 6 6 8 6 99999999 6 8 2 0 99999959 
Cost 62

Null dest for 6
R2
99999997 99999999 99999999 99999999 99999999 99999999 99999999 99999999 99999999 99999999 99999999 
2 99999997 99999997 4 2 99999997 99999999 0 2 4 6 
2 99999997 99999997 4 2 99999997 99999999 0 2 4 6 
0 4 4 99999997 0 4 99999999 6 4 6 8 
99999997 2 2 0 99999997 2 99999999 4 2 4 6 
2 99999997 99999997 4 2 99999997 99999999 0 2 4 6 
99999999 2 2 0 99999997 2 99999999 4 2 4 6 
4 0 0 6 4 0 99999999 99999997 4 6 8 
2 2 2 4 2 2 99999999 4 99999997 0 2 
4 4 4 6 4 4 99999999 6 0 99999997 0 
6 6 6 8 6 6 99999999 8 2 0 99999959 
Cost 100000057

Null dest for 7
R2
99999997 99999999 99999999 99999999 99999999 99999999 99999999 99999999 99999999 99999999 99999999 
0 99999995 99999995 2 0 99999995 0 99999997 0 2 4 
0 99999995 99999995 2 0 99999995 0 99999997 0 2 4 
0 4 4 99999997 0 4 0 99999999 4 6 8 
99999997 2 2 0 99999997 2 99999997 99999999 2 4 6 
0 99999995 99999995 2 0 99999995 0 99999997 0 2 4 
99999997 2 2 0 99999997 2 99999997 99999999 2 4 6 
99999999 0 0 6 4 0 4 99999999 4 6 8 
2 2 2 4 2 2 2 99999999 99999997 0 2 
4 4 4 6 4 4 4 99999999 0 99999997 0 
6 6 6 8 6 6 6 99999999 2 0 99999959 
Cost 70

Null dest for 8
R2
99999997 99999999 99999999 99999999 99999999 99999999 99999999 99999999 99999999 99999999 99999999 
2 99999997 99999997 4 2 99999997 2 0 99999999 4 6 
2 99999997 99999997 4 2 99999997 2 0 99999999 4 6 
0 4 4 99999997 0 4 0 6 99999999 6 8 
99999997 2 2 0 99999997 2 99999997 4 99999999 4 6 
2 99999997 99999997 4 2 99999997 2 0 99999999 4 6 
99999997 2 2 0 99999997 2 99999997 4 99999999 4 6 
4 0 0 6 4 0 4 99999997 99999999 6 8 
99999999 2 2 4 2 2 2 4 99999999 0 2 
4 4 4 6 4 4 4 6 99999999 99999997 0 
6 6 6 8 6 6 6 8 99999999 0 99999959 
Cost 62

Null dest for 9
R2
99999997 99999999 99999999 99999999 99999999 99999999 99999999 99999999 99999999 99999999 99999999 
2 99999997 99999997 4 2 99999997 2 0 2 99999999 6 
2 99999997 99999997 4 2 99999997 2 0 2 99999999 6 
0 4 4 99999997 0 4 0 6 4 99999999 8 
99999997 2 2 0 99999997 2 99999997 4 2 99999999 6 
2 99999997 99999997 4 2 99999997 2 0 2 99999999 6 
99999997 2 2 0 99999997 2 99999997 4 2 99999999 6 
4 0 0 6 4 0 4 99999997 4 99999999 8 
0 0 0 2 0 0 0 2 99999995 99999997 0 
99999999 4 4 6 4 4 4 6 0 99999999 0 
4 4 4 6 4 4 4 6 0 99999997 99999957 
Cost 68

Null dest for 10
R2
99999997 99999999 99999999 99999999 99999999 99999999 99999999 99999999 99999999 99999999 99999999 
2 99999997 99999997 4 2 99999997 2 0 2 4 99999999 
2 99999997 99999997 4 2 99999997 2 0 2 4 99999999 
0 4 4 99999997 0 4 0 6 4 6 99999999 
99999997 2 2 0 99999997 2 99999997 4 2 4 99999999 
2 99999997 99999997 4 2 99999997 2 0 2 4 99999999 
99999997 2 2 0 99999997 2 99999997 4 2 4 99999999 
4 0 0 6 4 0 4 99999997 4 6 99999999 
2 2 2 4 2 2 2 4 99999997 0 99999999 
4 4 4 6 4 4 4 6 0 99999997 99999999 
99999999 6 6 8 6 6 6 8 2 0 99999999 
Cost 66

R2
99999997 99999999 99999999 99999999 99999999 99999999 99999999 99999999 99999999 99999999 99999999 
2 99999997 99999999 4 2 99999997 2 0 2 4 6 
99999999 99999997 99999999 4 2 99999997 2 0 2 4 6 
0 4 99999999 99999997 0 4 0 6 4 6 8 
99999997 2 99999999 0 99999997 2 99999997 4 2 4 6 
2 99999997 99999999 4 2 99999997 2 0 2 4 6 
99999997 2 99999999 0 99999997 2 99999997 4 2 4 6 
4 0 99999999 6 4 0 4 99999997 4 6 8 
2 2 99999999 4 2 2 2 4 99999997 0 2 
4 4 99999999 6 4 4 4 6 0 99999997 0 
6 6 99999999 8 6 6 6 8 2 0 99999959 
Cost 62
Before
1 2 3 4 5 6 7 8 9 10 
src = 2
After
1 3 4 5 6 7 8 9 10 index 2

R2
99999997 99999999 99999999 99999999 99999999 99999999 99999999 99999999 99999999 99999999 99999999 
2 99999997 99999999 4 2 99999997 2 0 2 4 6 
99999999 99999999 99999999 99999999 99999999 99999999 99999999 99999999 99999999 99999999 99999999 
0 4 99999999 99999997 0 4 0 6 4 6 8 
99999997 2 99999999 0 99999997 2 99999997 4 2 4 6 
2 99999997 99999999 4 2 99999997 2 0 2 4 6 
99999997 2 99999999 0 99999997 2 99999997 4 2 4 6 
4 0 99999999 6 4 0 4 99999997 4 6 8 
2 2 99999999 4 2 2 2 4 99999997 0 2 
4 4 99999999 6 4 4 4 6 0 99999997 0 
6 6 99999999 8 6 6 6 8 2 0 99999959 
Cost 62
left2 over 1
left2 over 3
left2 over 4
left2 over 5
left2 over 6
left2 over 7
left2 over 8
left2 over 9
left2 over 10

Null dest for 1
R3
99999997 99999999 99999999 99999999 99999999 99999999 99999999 99999999 99999999 99999999 99999999 
99999999 99999999 99999999 4 2 99999997 2 0 2 4 6 
99999999 99999999 99999999 99999999 99999999 99999999 99999999 99999999 99999999 99999999 99999999 
0 99999999 99999999 99999997 0 4 0 6 4 6 8 
99999997 99999999 99999999 0 99999997 2 99999997 4 2 4 6 
2 99999999 99999999 4 2 99999997 2 0 2 4 6 
99999997 99999999 99999999 0 99999997 2 99999997 4 2 4 6 
4 99999999 99999999 6 4 0 4 99999997 4 6 8 
2 99999999 99999999 4 2 2 2 4 99999997 0 2 
4 99999999 99999999 6 4 4 4 6 0 99999997 0 
6 99999999 99999999 8 6 6 6 8 2 0 99999959 
Cost 100000059

Null dest for 3
R3
99999995 99999999 99999999 99999999 99999999 99999999 99999999 99999999 99999999 99999999 99999999 
0 99999997 99999999 99999999 2 99999997 2 0 2 4 6 
99999997 99999999 99999999 99999999 99999999 99999999 99999999 99999999 99999999 99999999 99999999 
99999997 4 99999999 99999999 0 4 0 6 4 6 8 
99999993 0 99999997 99999997 99999995 0 99999995 2 0 2 4 
0 99999997 99999999 99999999 2 99999997 2 0 2 4 6 
99999993 0 99999997 99999997 99999995 0 99999995 2 0 2 4 
2 0 99999999 99999999 4 0 4 99999997 4 6 8 
0 2 99999999 99999999 2 2 2 4 99999997 0 2 
2 4 99999999 99999999 4 4 4 6 0 99999997 0 
4 6 99999999 99999999 6 6 6 8 2 0 99999959 
Cost 72

Null dest for 4
R3
99999997 99999999 99999999 99999999 99999999 99999999 99999999 99999999 99999999 99999999 99999999 
2 99999997 99999999 4 99999999 99999997 2 0 2 4 6 
99999999 99999999 99999999 99999999 99999999 99999999 99999999 99999999 99999999 99999999 99999999 
0 4 99999999 99999997 99999999 4 0 6 4 6 8 
99999999 2 99999999 0 99999999 2 99999997 4 2 4 6 
2 99999997 99999999 4 99999999 99999997 2 0 2 4 6 
99999997 2 99999999 0 99999999 2 99999997 4 2 4 6 
4 0 99999999 6 99999999 0 4 99999997 4 6 8 
2 2 99999999 4 99999999 2 2 4 99999997 0 2 
4 4 99999999 6 99999999 4 4 6 0 99999997 0 
6 6 99999999 8 99999999 6 6 8 2 0 99999959 
Cost 64

Null dest for 5
R3
99999997 99999999 99999999 99999999 99999999 99999999 99999999 99999999 99999999 99999999 99999999 
2 99999997 99999999 4 2 99999999 2 0 2 4 6 
99999999 99999999 99999999 99999999 99999999 99999999 99999999 99999999 99999999 99999999 99999999 
0 4 99999999 99999997 0 99999999 0 6 4 6 8 
99999997 2 99999999 0 99999997 99999999 99999997 4 2 4 6 
99999999 99999997 99999999 4 2 99999999 2 0 2 4 6 
99999997 2 99999999 0 99999997 99999999 99999997 4 2 4 6 
4 0 99999999 6 4 99999999 4 99999997 4 6 8 
2 2 99999999 4 2 99999999 2 4 99999997 0 2 
4 4 99999999 6 4 99999999 4 6 0 99999997 0 
6 6 99999999 8 6 99999999 6 8 2 0 99999959 
Cost 100000059

Null dest for 6
R3
99999997 99999999 99999999 99999999 99999999 99999999 99999999 99999999 99999999 99999999 99999999 
2 99999997 99999999 4 2 99999997 99999999 0 2 4 6 
99999999 99999999 99999999 99999999 99999999 99999999 99999999 99999999 99999999 99999999 99999999 
0 4 99999999 99999997 0 4 99999999 6 4 6 8 
99999997 2 99999999 0 99999997 2 99999999 4 2 4 6 
2 99999997 99999999 4 2 99999997 99999999 0 2 4 6 
99999999 2 99999999 0 99999997 2 99999999 4 2 4 6 
4 0 99999999 6 4 0 99999999 99999997 4 6 8 
2 2 99999999 4 2 2 99999999 4 99999997 0 2 
4 4 99999999 6 4 4 99999999 6 0 99999997 0 
6 6 99999999 8 6 6 99999999 8 2 0 99999959 
Cost 64

Null dest for 7
R3
99999997 99999999 99999999 99999999 99999999 99999999 99999999 99999999 99999999 99999999 99999999 
0 99999995 99999997 2 0 99999995 0 99999997 0 2 4 
99999999 99999999 99999999 99999999 99999999 99999999 99999999 99999999 99999999 99999999 99999999 
0 4 99999999 99999997 0 4 0 99999999 4 6 8 
99999997 2 99999999 0 99999997 2 99999997 99999999 2 4 6 
0 99999995 99999997 2 0 99999995 0 99999997 0 2 4 
99999997 2 99999999 0 99999997 2 99999997 99999999 2 4 6 
99999999 0 99999999 6 4 0 4 99999999 4 6 8 
2 2 99999999 4 2 2 2 99999999 99999997 0 2 
4 4 99999999 6 4 4 4 99999999 0 99999997 0 
6 6 99999999 8 6 6 6 99999999 2 0 99999959 
Cost 66

Null dest for 8
R3
99999997 99999999 99999999 99999999 99999999 99999999 99999999 99999999 99999999 99999999 99999999 
2 99999997 99999999 4 2 99999997 2 0 99999999 4 6 
99999999 99999999 99999999 99999999 99999999 99999999 99999999 99999999 99999999 99999999 99999999 
0 4 99999999 99999997 0 4 0 6 99999999 6 8 
99999997 2 99999999 0 99999997 2 99999997 4 99999999 4 6 
2 99999997 99999999 4 2 99999997 2 0 99999999 4 6 
99999997 2 99999999 0 99999997 2 99999997 4 99999999 4 6 
4 0 99999999 6 4 0 4 99999997 99999999 6 8 
99999999 2 99999999 4 2 2 2 4 99999999 0 2 
4 4 99999999 6 4 4 4 6 99999999 99999997 0 
6 6 99999999 8 6 6 6 8 99999999 0 99999959 
Cost 64

Null dest for 9
R3
99999997 99999999 99999999 99999999 99999999 99999999 99999999 99999999 99999999 99999999 99999999 
2 99999997 99999999 4 2 99999997 2 0 2 99999999 6 
99999999 99999999 99999999 99999999 99999999 99999999 99999999 99999999 99999999 99999999 99999999 
0 4 99999999 99999997 0 4 0 6 4 99999999 8 
99999997 2 99999999 0 99999997 2 99999997 4 2 99999999 6 
2 99999997 99999999 4 2 99999997 2 0 2 99999999 6 
99999997 2 99999999 0 99999997 2 99999997 4 2 99999999 6 
4 0 99999999 6 4 0 4 99999997 4 99999999 8 
0 0 99999997 2 0 0 0 2 99999995 99999997 0 
99999999 4 99999999 6 4 4 4 6 0 99999999 0 
4 4 99999997 6 4 4 4 6 0 99999997 99999957 
Cost 70

Null dest for 10
R3
99999997 99999999 99999999 99999999 99999999 99999999 99999999 99999999 99999999 99999999 99999999 
2 99999997 99999999 4 2 99999997 2 0 2 4 99999999 
99999999 99999999 99999999 99999999 99999999 99999999 99999999 99999999 99999999 99999999 99999999 
0 4 99999999 99999997 0 4 0 6 4 6 99999999 
99999997 2 99999999 0 99999997 2 99999997 4 2 4 99999999 
2 99999997 99999999 4 2 99999997 2 0 2 4 99999999 
99999997 2 99999999 0 99999997 2 99999997 4 2 4 99999999 
4 0 99999999 6 4 0 4 99999997 4 6 99999999 
2 2 99999999 4 2 2 2 4 99999997 0 99999999 
4 4 99999999 6 4 4 4 6 0 99999997 99999999 
99999999 6 99999999 8 6 6 6 8 2 0 99999999 
Cost 68

R3
99999997 99999999 99999999 99999999 99999999 99999999 99999999 99999999 99999999 99999999 99999999 
2 99999997 99999999 4 99999999 99999997 2 0 2 4 6 
99999999 99999999 99999999 99999999 99999999 99999999 99999999 99999999 99999999 99999999 99999999 
0 4 99999999 99999997 99999999 4 0 6 4 6 8 
99999999 2 99999999 0 99999999 2 99999997 4 2 4 6 
2 99999997 99999999 4 99999999 99999997 2 0 2 4 6 
99999997 2 99999999 0 99999999 2 99999997 4 2 4 6 
4 0 99999999 6 99999999 0 4 99999997 4 6 8 
2 2 99999999 4 99999999 2 2 4 99999997 0 2 
4 4 99999999 6 99999999 4 4 6 0 99999997 0 
6 6 99999999 8 99999999 6 6 8 2 0 99999959 
Cost 64
Before
1 3 4 5 6 7 8 9 10 
src = 4
After
1 3 5 6 7 8 9 10 index 3

R3
99999997 99999999 99999999 99999999 99999999 99999999 99999999 99999999 99999999 99999999 99999999 
2 99999997 99999999 4 99999999 99999997 2 0 2 4 6 
99999999 99999999 99999999 99999999 99999999 99999999 99999999 99999999 99999999 99999999 99999999 
0 4 99999999 99999997 99999999 4 0 6 4 6 8 
99999999 99999999 99999999 99999999 99999999 99999999 99999999 99999999 99999999 99999999 99999999 
2 99999997 99999999 4 99999999 99999997 2 0 2 4 6 
99999997 2 99999999 0 99999999 2 99999997 4 2 4 6 
4 0 99999999 6 99999999 0 4 99999997 4 6 8 
2 2 99999999 4 99999999 2 2 4 99999997 0 2 
4 4 99999999 6 99999999 4 4 6 0 99999997 0 
6 6 99999999 8 99999999 6 6 8 2 0 99999959 
Cost 64
left3 over 1
left3 over 3
left3 over 5
left3 over 6
left3 over 7
left3 over 8
left3 over 9
left3 over 10

Null dest for 1
R4
99999997 99999999 99999999 99999999 99999999 99999999 99999999 99999999 99999999 99999999 99999999 
99999999 99999999 99999999 4 99999999 99999997 2 0 2 4 6 
99999999 99999999 99999999 99999999 99999999 99999999 99999999 99999999 99999999 99999999 99999999 
0 99999999 99999999 99999997 99999999 4 0 6 4 6 8 
99999999 99999999 99999999 99999999 99999999 99999999 99999999 99999999 99999999 99999999 99999999 
2 99999999 99999999 4 99999999 99999997 2 0 2 4 6 
99999997 99999999 99999999 0 99999999 2 99999997 4 2 4 6 
4 99999999 99999999 6 99999999 0 4 99999997 4 6 8 
2 99999999 99999999 4 99999999 2 2 4 99999997 0 2 
4 99999999 99999999 6 99999999 4 4 6 0 99999997 0 
6 99999999 99999999 8 99999999 6 6 8 2 0 99999959 
Cost 66

Null dest for 3
R4
99999995 99999999 99999999 99999999 99999999 99999999 99999999 99999999 99999999 99999999 99999999 
0 99999997 99999999 99999999 99999999 99999997 2 0 2 4 6 
99999997 99999999 99999999 99999999 99999999 99999999 99999999 99999999 99999999 99999999 99999999 
99999997 4 99999999 99999999 99999999 4 0 6 4 6 8 
99999997 99999999 99999999 99999999 99999999 99999999 99999999 99999999 99999999 99999999 99999999 
0 99999997 99999999 99999999 99999999 99999997 2 0 2 4 6 
99999993 0 99999997 99999997 99999997 0 99999995 2 0 2 4 
2 0 99999999 99999999 99999999 0 4 99999997 4 6 8 
0 2 99999999 99999999 99999999 2 2 4 99999997 0 2 
2 4 99999999 99999999 99999999 4 4 6 0 99999997 0 
4 6 99999999 99999999 99999999 6 6 8 2 0 99999959 
Cost 68

Null dest for 5
R4
99999997 99999999 99999999 99999999 99999999 99999999 99999999 99999999 99999999 99999999 99999999 
2 99999997 99999999 4 99999999 99999999 2 0 2 4 6 
99999999 99999999 99999999 99999999 99999999 99999999 99999999 99999999 99999999 99999999 99999999 
0 4 99999999 99999997 99999999 99999999 0 6 4 6 8 
99999999 99999999 99999999 99999999 99999999 99999999 99999999 99999999 99999999 99999999 99999999 
99999999 99999997 99999999 4 99999999 99999999 2 0 2 4 6 
99999997 2 99999999 0 99999999 99999999 99999997 4 2 4 6 
4 0 99999999 6 99999999 99999999 4 99999997 4 6 8 
2 2 99999999 4 99999999 99999999 2 4 99999997 0 2 
4 4 99999999 6 99999999 99999999 4 6 0 99999997 0 
6 6 99999999 8 99999999 99999999 6 8 2 0 99999959 
Cost 66

Null dest for 6
R4
99999997 99999999 99999999 99999999 99999999 99999999 99999999 99999999 99999999 99999999 99999999 
2 99999997 99999999 4 99999999 99999997 99999999 0 2 4 6 
99999999 99999999 99999999 99999999 99999999 99999999 99999999 99999999 99999999 99999999 99999999 
0 4 99999999 99999997 99999999 4 99999999 6 4 6 8 
99999999 99999999 99999999 99999999 99999999 99999999 99999999 99999999 99999999 99999999 99999999 
2 99999997 99999999 4 99999999 99999997 99999999 0 2 4 6 
99999999 2 99999999 0 99999999 2 99999999 4 2 4 6 
4 0 99999999 6 99999999 0 99999999 99999997 4 6 8 
2 2 99999999 4 99999999 2 99999999 4 99999997 0 2 
4 4 99999999 6 99999999 4 99999999 6 0 99999997 0 
6 6 99999999 8 99999999 6 99999999 8 2 0 99999959 
Cost 100000061

Null dest for 7
R4
99999997 99999999 99999999 99999999 99999999 99999999 99999999 99999999 99999999 99999999 99999999 
0 99999995 99999997 2 99999997 99999995 0 99999997 0 2 4 
99999999 99999999 99999999 99999999 99999999 99999999 99999999 99999999 99999999 99999999 99999999 
0 4 99999999 99999997 99999999 4 0 99999999 4 6 8 
99999999 99999999 99999999 99999999 99999999 99999999 99999999 99999999 99999999 99999999 99999999 
0 99999995 99999997 2 99999997 99999995 0 99999997 0 2 4 
99999997 2 99999999 0 99999999 2 99999997 99999999 2 4 6 
99999999 0 99999999 6 99999999 0 4 99999999 4 6 8 
2 2 99999999 4 99999999 2 2 99999999 99999997 0 2 
4 4 99999999 6 99999999 4 4 99999999 0 99999997 0 
6 6 99999999 8 99999999 6 6 99999999 2 0 99999959 
Cost 72

Null dest for 8
R4
99999997 99999999 99999999 99999999 99999999 99999999 99999999 99999999 99999999 99999999 99999999 
2 99999997 99999999 4 99999999 99999997 2 0 99999999 4 6 
99999999 99999999 99999999 99999999 99999999 99999999 99999999 99999999 99999999 99999999 99999999 
0 4 99999999 99999997 99999999 4 0 6 99999999 6 8 
99999999 99999999 99999999 99999999 99999999 99999999 99999999 99999999 99999999 99999999 99999999 
2 99999997 99999999 4 99999999 99999997 2 0 99999999 4 6 
99999997 2 99999999 0 99999999 2 99999997 4 99999999 4 6 
4 0 99999999 6 99999999 0 4 99999997 99999999 6 8 
99999999 2 99999999 4 99999999 2 2 4 99999999 0 2 
4 4 99999999 6 99999999 4 4 6 99999999 99999997 0 
6 6 99999999 8 99999999 6 6 8 99999999 0 99999959 
Cost 66

Null dest for 9
R4
99999997 99999999 99999999 99999999 99999999 99999999 99999999 99999999 99999999 99999999 99999999 
2 99999997 99999999 4 99999999 99999997 2 0 2 99999999 6 
99999999 99999999 99999999 99999999 99999999 99999999 99999999 99999999 99999999 99999999 99999999 
0 4 99999999 99999997 99999999 4 0 6 4 99999999 8 
99999999 99999999 99999999 99999999 99999999 99999999 99999999 99999999 99999999 99999999 99999999 
2 99999997 99999999 4 99999999 99999997 2 0 2 99999999 6 
99999997 2 99999999 0 99999999 2 99999997 4 2 99999999 6 
4 0 99999999 6 99999999 0 4 99999997 4 99999999 8 
0 0 99999997 2 99999997 0 0 2 99999995 99999997 0 
99999999 4 99999999 6 99999999 4 4 6 0 99999999 0 
4 4 99999997 6 99999997 4 4 6 0 99999997 99999957 
Cost 72

Null dest for 10
R4
99999997 99999999 99999999 99999999 99999999 99999999 99999999 99999999 99999999 99999999 99999999 
2 99999997 99999999 4 99999999 99999997 2 0 2 4 99999999 
99999999 99999999 99999999 99999999 99999999 99999999 99999999 99999999 99999999 99999999 99999999 
0 4 99999999 99999997 99999999 4 0 6 4 6 99999999 
99999999 99999999 99999999 99999999 99999999 99999999 99999999 99999999 99999999 99999999 99999999 
2 99999997 99999999 4 99999999 99999997 2 0 2 4 99999999 
99999997 2 99999999 0 99999999 2 99999997 4 2 4 99999999 
4 0 99999999 6 99999999 0 4 99999997 4 6 99999999 
2 2 99999999 4 99999999 2 2 4 99999997 0 99999999 
4 4 99999999 6 99999999 4 4 6 0 99999997 99999999 
99999999 6 99999999 8 99999999 6 6 8 2 0 99999999 
Cost 70

R4
99999997 99999999 99999999 99999999 99999999 99999999 99999999 99999999 99999999 99999999 99999999 
99999999 99999999 99999999 4 99999999 99999997 2 0 2 4 6 
99999999 99999999 99999999 99999999 99999999 99999999 99999999 99999999 99999999 99999999 99999999 
0 99999999 99999999 99999997 99999999 4 0 6 4 6 8 
99999999 99999999 99999999 99999999 99999999 99999999 99999999 99999999 99999999 99999999 99999999 
2 99999999 99999999 4 99999999 99999997 2 0 2 4 6 
99999997 99999999 99999999 0 99999999 2 99999997 4 2 4 6 
4 99999999 99999999 6 99999999 0 4 99999997 4 6 8 
2 99999999 99999999 4 99999999 2 2 4 99999997 0 2 
4 99999999 99999999 6 99999999 4 4 6 0 99999997 0 
6 99999999 99999999 8 99999999 6 6 8 2 0 99999959 
Cost 66
Before
1 3 5 6 7 8 9 10 
src = 1
After
3 5 6 7 8 9 10 index 4

R4
99999997 99999999 99999999 99999999 99999999 99999999 99999999 99999999 99999999 99999999 99999999 
99999999 99999999 99999999 99999999 99999999 99999999 99999999 99999999 99999999 99999999 99999999 
99999999 99999999 99999999 99999999 99999999 99999999 99999999 99999999 99999999 99999999 99999999 
0 99999999 99999999 99999997 99999999 4 0 6 4 6 8 
99999999 99999999 99999999 99999999 99999999 99999999 99999999 99999999 99999999 99999999 99999999 
2 99999999 99999999 4 99999999 99999997 2 0 2 4 6 
99999997 99999999 99999999 0 99999999 2 99999997 4 2 4 6 
4 99999999 99999999 6 99999999 0 4 99999997 4 6 8 
2 99999999 99999999 4 99999999 2 2 4 99999997 0 2 
4 99999999 99999999 6 99999999 4 4 6 0 99999997 0 
6 99999999 99999999 8 99999999 6 6 8 2 0 99999959 
Cost 66
left4 over 3
left4 over 5
left4 over 6
left4 over 7
left4 over 8
left4 over 9
left4 over 10

Null dest for 3
R5
99999995 99999999 99999999 99999999 99999999 99999999 99999999 99999999 99999999 99999999 99999999 
99999997 99999999 99999999 99999999 99999999 99999999 99999999 99999999 99999999 99999999 99999999 
99999997 99999999 99999999 99999999 99999999 99999999 99999999 99999999 99999999 99999999 99999999 
99999997 99999999 99999999 99999999 99999999 4 0 6 4 6 8 
99999997 99999999 99999999 99999999 99999999 99999999 99999999 99999999 99999999 99999999 99999999 
0 99999999 99999999 99999999 99999999 99999997 2 0 2 4 6 
99999993 99999997 99999997 99999997 99999997 0 99999995 2 0 2 4 
2 99999999 99999999 99999999 99999999 0 4 99999997 4 6 8 
0 99999999 99999999 99999999 99999999 2 2 4 99999997 0 2 
2 99999999 99999999 99999999 99999999 4 4 6 0 99999997 0 
4 99999999 99999999 99999999 99999999 6 6 8 2 0 99999959 
Cost 74

Null dest for 5
R5
99999997 99999999 99999999 99999999 99999999 99999999 99999999 99999999 99999999 99999999 99999999 
99999999 99999999 99999999 99999999 99999999 99999999 99999999 99999999 99999999 99999999 99999999 
99999999 99999999 99999999 99999999 99999999 99999999 99999999 99999999 99999999 99999999 99999999 
0 99999999 99999999 99999997 99999999 99999999 0 6 4 6 8 
99999999 99999999 99999999 99999999 99999999 99999999 99999999 99999999 99999999 99999999 99999999 
99999999 99999999 99999999 4 99999999 99999999 2 0 2 4 6 
99999997 99999999 99999999 0 99999999 99999999 99999997 4 2 4 6 
0 99999995 99999995 2 99999995 99999995 0 99999993 0 2 4 
2 99999999 99999999 4 99999999 99999999 2 4 99999997 0 2 
4 99999999 99999999 6 99999999 99999999 4 6 0 99999997 0 
6 99999999 99999999 8 99999999 99999999 6 8 2 0 99999959 
Cost 100000067

Null dest for 6
R5
99999997 99999999 99999999 99999999 99999999 99999999 99999999 99999999 99999999 99999999 99999999 
99999999 99999999 99999999 99999999 99999999 99999999 99999999 99999999 99999999 99999999 99999999 
99999999 99999999 99999999 99999999 99999999 99999999 99999999 99999999 99999999 99999999 99999999 
0 99999999 99999999 99999997 99999999 4 99999999 6 4 6 8 
99999999 99999999 99999999 99999999 99999999 99999999 99999999 99999999 99999999 99999999 99999999 
2 99999999 99999999 4 99999999 99999997 99999999 0 2 4 6 
99999999 99999999 99999999 0 99999999 2 99999999 4 2 4 6 
4 99999999 99999999 6 99999999 0 99999999 99999997 4 6 8 
2 99999999 99999999 4 99999999 2 99999999 4 99999997 0 2 
4 99999999 99999999 6 99999999 4 99999999 6 0 99999997 0 
6 99999999 99999999 8 99999999 6 99999999 8 2 0 99999959 
Cost 68

Null dest for 7
R5
99999997 99999999 99999999 99999999 99999999 99999999 99999999 99999999 99999999 99999999 99999999 
99999999 99999999 99999999 99999999 99999999 99999999 99999999 99999999 99999999 99999999 99999999 
99999999 99999999 99999999 99999999 99999999 99999999 99999999 99999999 99999999 99999999 99999999 
0 99999999 99999999 99999997 99999999 4 0 99999999 4 6 8 
99999999 99999999 99999999 99999999 99999999 99999999 99999999 99999999 99999999 99999999 99999999 
0 99999997 99999997 2 99999997 99999995 0 99999997 0 2 4 
99999997 99999999 99999999 0 99999999 2 99999997 99999999 2 4 6 
99999999 99999999 99999999 6 99999999 0 4 99999999 4 6 8 
2 99999999 99999999 4 99999999 2 2 99999999 99999997 0 2 
4 99999999 99999999 6 99999999 4 4 99999999 0 99999997 0 
6 99999999 99999999 8 99999999 6 6 99999999 2 0 99999959 
Cost 68

Null dest for 8
R5
99999997 99999999 99999999 99999999 99999999 99999999 99999999 99999999 99999999 99999999 99999999 
99999999 99999999 99999999 99999999 99999999 99999999 99999999 99999999 99999999 99999999 99999999 
99999999 99999999 99999999 99999999 99999999 99999999 99999999 99999999 99999999 99999999 99999999 
0 99999999 99999999 99999997 99999999 4 0 6 99999999 6 8 
99999999 99999999 99999999 99999999 99999999 99999999 99999999 99999999 99999999 99999999 99999999 
2 99999999 99999999 4 99999999 99999997 2 0 99999999 4 6 
99999997 99999999 99999999 0 99999999 2 99999997 4 99999999 4 6 
4 99999999 99999999 6 99999999 0 4 99999997 99999999 6 8 
99999999 99999999 99999999 4 99999999 2 2 4 99999999 0 2 
4 99999999 99999999 6 99999999 4 4 6 99999999 99999997 0 
6 99999999 99999999 8 99999999 6 6 8 99999999 0 99999959 
Cost 68

Null dest for 9
R5
99999997 99999999 99999999 99999999 99999999 99999999 99999999 99999999 99999999 99999999 99999999 
99999999 99999999 99999999 99999999 99999999 99999999 99999999 99999999 99999999 99999999 99999999 
99999999 99999999 99999999 99999999 99999999 99999999 99999999 99999999 99999999 99999999 99999999 
0 99999999 99999999 99999997 99999999 4 0 6 4 99999999 8 
99999999 99999999 99999999 99999999 99999999 99999999 99999999 99999999 99999999 99999999 99999999 
2 99999999 99999999 4 99999999 99999997 2 0 2 99999999 6 
99999997 99999999 99999999 0 99999999 2 99999997 4 2 99999999 6 
4 99999999 99999999 6 99999999 0 4 99999997 4 99999999 8 
0 99999997 99999997 2 99999997 0 0 2 99999995 99999997 0 
99999999 99999999 99999999 6 99999999 4 4 6 0 99999999 0 
4 99999997 99999997 6 99999997 4 4 6 0 99999997 99999957 
Cost 74

Null dest for 10
R5
99999997 99999999 99999999 99999999 99999999 99999999 99999999 99999999 99999999 99999999 99999999 
99999999 99999999 99999999 99999999 99999999 99999999 99999999 99999999 99999999 99999999 99999999 
99999999 99999999 99999999 99999999 99999999 99999999 99999999 99999999 99999999 99999999 99999999 
0 99999999 99999999 99999997 99999999 4 0 6 4 6 99999999 
99999999 99999999 99999999 99999999 99999999 99999999 99999999 99999999 99999999 99999999 99999999 
2 99999999 99999999 4 99999999 99999997 2 0 2 4 99999999 
99999997 99999999 99999999 0 99999999 2 99999997 4 2 4 99999999 
4 99999999 99999999 6 99999999 0 4 99999997 4 6 99999999 
2 99999999 99999999 4 99999999 2 2 4 99999997 0 99999999 
4 99999999 99999999 6 99999999 4 4 6 0 99999997 99999999 
99999999 99999999 99999999 8 99999999 6 6 8 2 0 99999999 
Cost 72

R5
99999997 99999999 99999999 99999999 99999999 99999999 99999999 99999999 99999999 99999999 99999999 
99999999 99999999 99999999 99999999 99999999 99999999 99999999 99999999 99999999 99999999 99999999 
99999999 99999999 99999999 99999999 99999999 99999999 99999999 99999999 99999999 99999999 99999999 
0 99999999 99999999 99999997 99999999 4 99999999 6 4 6 8 
99999999 99999999 99999999 99999999 99999999 99999999 99999999 99999999 99999999 99999999 99999999 
2 99999999 99999999 4 99999999 99999997 99999999 0 2 4 6 
99999999 99999999 99999999 0 99999999 2 99999999 4 2 4 6 
4 99999999 99999999 6 99999999 0 99999999 99999997 4 6 8 
2 99999999 99999999 4 99999999 2 99999999 4 99999997 0 2 
4 99999999 99999999 6 99999999 4 99999999 6 0 99999997 0 
6 99999999 99999999 8 99999999 6 99999999 8 2 0 99999959 
Cost 68
Before
3 5 6 7 8 9 10 
src = 6
After
3 5 7 8 9 10 index 5

R5
99999997 99999999 99999999 99999999 99999999 99999999 99999999 99999999 99999999 99999999 99999999 
99999999 99999999 99999999 99999999 99999999 99999999 99999999 99999999 99999999 99999999 99999999 
99999999 99999999 99999999 99999999 99999999 99999999 99999999 99999999 99999999 99999999 99999999 
0 99999999 99999999 99999997 99999999 4 99999999 6 4 6 8 
99999999 99999999 99999999 99999999 99999999 99999999 99999999 99999999 99999999 99999999 99999999 
2 99999999 99999999 4 99999999 99999997 99999999 0 2 4 6 
99999999 99999999 99999999 99999999 99999999 99999999 99999999 99999999 99999999 99999999 99999999 
4 99999999 99999999 6 99999999 0 99999999 99999997 4 6 8 
2 99999999 99999999 4 99999999 2 99999999 4 99999997 0 2 
4 99999999 99999999 6 99999999 4 99999999 6 0 99999997 0 
6 99999999 99999999 8 99999999 6 99999999 8 2 0 99999959 
Cost 68
left5 over 3
left5 over 5
left5 over 7
left5 over 8
left5 over 9
left5 over 10

Null dest for 3
R6
99999995 99999999 99999999 99999999 99999999 99999999 99999999 99999999 99999999 99999999 99999999 
99999997 99999999 99999999 99999999 99999999 99999999 99999999 99999999 99999999 99999999 99999999 
99999997 99999999 99999999 99999999 99999999 99999999 99999999 99999999 99999999 99999999 99999999 
99999993 99999995 99999995 99999995 99999995 0 99999995 2 0 2 4 
99999997 99999999 99999999 99999999 99999999 99999999 99999999 99999999 99999999 99999999 99999999 
0 99999999 99999999 99999999 99999999 99999997 99999999 0 2 4 6 
99999997 99999999 99999999 99999999 99999999 99999999 99999999 99999999 99999999 99999999 99999999 
2 99999999 99999999 99999999 99999999 0 99999999 99999997 4 6 8 
0 99999999 99999999 99999999 99999999 2 99999999 4 99999997 0 2 
2 99999999 99999999 99999999 99999999 4 99999999 6 0 99999997 0 
4 99999999 99999999 99999999 99999999 6 99999999 8 2 0 99999959 
Cost 74

Null dest for 5
R6
99999997 99999999 99999999 99999997 99999999 99999999 99999999 99999999 99999999 99999999 99999999 
99999999 99999999 99999999 99999997 99999999 99999999 99999999 99999999 99999999 99999999 99999999 
99999999 99999999 99999999 99999997 99999999 99999999 99999999 99999999 99999999 99999999 99999999 
0 99999999 99999999 99999995 99999999 99999999 99999999 6 4 6 8 
99999999 99999999 99999999 99999997 99999999 99999999 99999999 99999999 99999999 99999999 99999999 
99999999 99999999 99999999 2 99999999 99999999 99999999 0 2 4 6 
99999999 99999999 99999999 99999997 99999999 99999999 99999999 99999999 99999999 99999999 99999999 
0 99999995 99999995 0 99999995 99999995 99999995 99999993 0 2 4 
2 99999999 99999999 2 99999999 99999999 99999999 4 99999997 0 2 
4 99999999 99999999 4 99999999 99999999 99999999 6 0 99999997 0 
6 99999999 99999999 6 99999999 99999999 99999999 8 2 0 99999959 
Cost 76

Null dest for 7
R6
99999997 99999999 99999999 99999997 99999999 99999999 99999999 99999999 99999999 99999999 99999999 
99999999 99999999 99999999 99999997 99999999 99999999 99999999 99999999 99999999 99999999 99999999 
99999999 99999999 99999999 99999997 99999999 99999999 99999999 99999999 99999999 99999999 99999999 
0 99999999 99999999 99999995 99999999 4 99999999 99999999 4 6 8 
99999999 99999999 99999999 99999997 99999999 99999999 99999999 99999999 99999999 99999999 99999999 
0 99999997 99999997 0 99999997 99999995 99999997 99999997 0 2 4 
99999999 99999999 99999999 99999997 99999999 99999999 99999999 99999999 99999999 99999999 99999999 
99999999 99999999 99999999 4 99999999 0 99999999 99999999 4 6 8 
2 99999999 99999999 2 99999999 2 99999999 99999999 99999997 0 2 
4 99999999 99999999 4 99999999 4 99999999 99999999 0 99999997 0 
6 99999999 99999999 6 99999999 6 99999999 99999999 2 0 99999959 
Cost 76

Null dest for 8
R6
99999997 99999999 99999999 99999995 99999999 99999999 99999999 99999999 99999999 99999999 99999999 
99999999 99999999 99999999 99999995 99999999 99999999 99999999 99999999 99999999 99999999 99999999 
99999999 99999999 99999999 99999995 99999999 99999999 99999999 99999999 99999999 99999999 99999999 
0 99999999 99999999 99999993 99999999 4 99999999 6 99999999 6 8 
99999999 99999999 99999999 99999995 99999999 99999999 99999999 99999999 99999999 99999999 99999999 
2 99999999 99999999 0 99999999 99999997 99999999 0 99999999 4 6 
99999999 99999999 99999999 99999995 99999999 99999999 99999999 99999999 99999999 99999999 99999999 
4 99999999 99999999 2 99999999 0 99999999 99999997 99999999 6 8 
99999999 99999999 99999999 0 99999999 2 99999999 4 99999999 0 2 
4 99999999 99999999 2 99999999 4 99999999 6 99999999 99999997 0 
6 99999999 99999999 4 99999999 6 99999999 8 99999999 0 99999959 
Cost 74

Null dest for 9
R6
99999997 99999999 99999999 99999997 99999999 99999999 99999999 99999999 99999999 99999999 99999999 
99999999 99999999 99999999 99999997 99999999 99999999 99999999 99999999 99999999 99999999 99999999 
99999999 99999999 99999999 99999997 99999999 99999999 99999999 99999999 99999999 99999999 99999999 
0 99999999 99999999 99999995 99999999 4 99999999 6 4 99999999 8 
99999999 99999999 99999999 99999997 99999999 99999999 99999999 99999999 99999999 99999999 99999999 
2 99999999 99999999 2 99999999 99999997 99999999 0 2 99999999 6 
99999999 99999999 99999999 99999997 99999999 99999999 99999999 99999999 99999999 99999999 99999999 
4 99999999 99999999 4 99999999 0 99999999 99999997 4 99999999 8 
0 99999997 99999997 0 99999997 0 99999997 2 99999995 99999997 0 
99999999 99999999 99999999 4 99999999 4 99999999 6 0 99999999 0 
4 99999997 99999997 4 99999997 4 99999997 6 0 99999997 99999957 
Cost 78

Null dest for 10
R6
99999997 99999999 99999999 99999995 99999999 99999999 99999999 99999999 99999999 99999999 99999999 
99999999 99999999 99999999 99999995 99999999 99999999 99999999 99999999 99999999 99999999 99999999 
99999999 99999999 99999999 99999995 99999999 99999999 99999999 99999999 99999999 99999999 99999999 
0 99999999 99999999 99999993 99999999 4 99999999 6 4 6 99999999 
99999999 99999999 99999999 99999995 99999999 99999999 99999999 99999999 99999999 99999999 99999999 
2 99999999 99999999 0 99999999 99999997 99999999 0 2 4 99999999 
99999999 99999999 99999999 99999995 99999999 99999999 99999999 99999999 99999999 99999999 99999999 
4 99999999 99999999 2 99999999 0 99999999 99999997 4 6 99999999 
2 99999999 99999999 0 99999999 2 99999999 4 99999997 0 99999999 
4 99999999 99999999 2 99999999 4 99999999 6 0 99999997 99999999 
99999999 99999999 99999999 4 99999999 6 99999999 8 2 0 99999999 
Cost 78

R6
99999995 99999999 99999999 99999999 99999999 99999999 99999999 99999999 99999999 99999999 99999999 
99999997 99999999 99999999 99999999 99999999 99999999 99999999 99999999 99999999 99999999 99999999 
99999997 99999999 99999999 99999999 99999999 99999999 99999999 99999999 99999999 99999999 99999999 
99999993 99999995 99999995 99999995 99999995 0 99999995 2 0 2 4 
99999997 99999999 99999999 99999999 99999999 99999999 99999999 99999999 99999999 99999999 99999999 
0 99999999 99999999 99999999 99999999 99999997 99999999 0 2 4 6 
99999997 99999999 99999999 99999999 99999999 99999999 99999999 99999999 99999999 99999999 99999999 
2 99999999 99999999 99999999 99999999 0 99999999 99999997 4 6 8 
0 99999999 99999999 99999999 99999999 2 99999999 4 99999997 0 2 
2 99999999 99999999 99999999 99999999 4 99999999 6 0 99999997 0 
4 99999999 99999999 99999999 99999999 6 99999999 8 2 0 99999959 
Cost 80
Before
3 5 7 8 9 10 
src = 3
After
5 7 8 9 10 index 6

R6
99999995 99999999 99999999 99999999 99999999 99999999 99999999 99999999 99999999 99999999 99999999 
99999997 99999999 99999999 99999999 99999999 99999999 99999999 99999999 99999999 99999999 99999999 
99999997 99999999 99999999 99999999 99999999 99999999 99999999 99999999 99999999 99999999 99999999 
99999993 99999995 99999995 99999999 99999995 99999999 99999995 99999999 99999999 99999999 99999999 
99999997 99999999 99999999 99999999 99999999 99999999 99999999 99999999 99999999 99999999 99999999 
0 99999999 99999999 99999999 99999999 99999997 99999999 0 2 4 6 
99999997 99999999 99999999 99999999 99999999 99999999 99999999 99999999 99999999 99999999 99999999 
2 99999999 99999999 99999999 99999999 0 99999999 99999997 4 6 8 
0 99999999 99999999 99999999 99999999 2 99999999 4 99999997 0 2 
2 99999999 99999999 99999999 99999999 4 99999999 6 0 99999997 0 
4 99999999 99999999 99999999 99999999 6 99999999 8 2 0 99999959 
Cost 80
left6 over 5
left6 over 7
left6 over 8
left6 over 9
left6 over 10

Null dest for 5
R7
99999995 99999999 99999999 99999999 99999999 99999999 99999999 99999999 99999999 99999999 99999999 
99999997 99999999 99999999 99999999 99999999 99999999 99999999 99999999 99999999 99999999 99999999 
99999997 99999999 99999999 99999999 99999999 99999999 99999999 99999999 99999999 99999999 99999999 
99999993 99999995 99999995 99999999 99999995 99999999 99999995 99999999 99999999 99999999 99999999 
99999997 99999999 99999999 99999999 99999999 99999999 99999999 99999999 99999999 99999999 99999999 
99999999 99999999 99999999 99999999 99999999 99999999 99999999 0 2 4 6 
99999997 99999999 99999999 99999999 99999999 99999999 99999999 99999999 99999999 99999999 99999999 
0 99999997 99999997 99999997 99999997 99999997 99999997 99999995 2 4 6 
0 99999999 99999999 99999999 99999999 99999999 99999999 4 99999997 0 2 
2 99999999 99999999 99999999 99999999 99999999 99999999 6 0 99999997 0 
4 99999999 99999999 99999999 99999999 99999999 99999999 8 2 0 99999959 
Cost 70

Null dest for 7
R7
99999995 99999999 99999999 99999999 99999999 99999999 99999999 99999999 99999999 99999999 99999999 
99999997 99999999 99999999 99999999 99999999 99999999 99999999 99999999 99999999 99999999 99999999 
99999997 99999999 99999999 99999999 99999999 99999999 99999999 99999999 99999999 99999999 99999999 
99999993 99999995 99999995 99999995 99999995 99999999 99999995 99999999 99999999 99999999 99999999 
99999997 99999999 99999999 99999999 99999999 99999999 99999999 99999999 99999999 99999999 99999999 
0 99999999 99999999 99999999 99999999 99999997 99999999 99999999 2 4 6 
99999997 99999999 99999999 99999999 99999999 99999999 99999999 99999999 99999999 99999999 99999999 
99999999 99999999 99999999 99999999 99999999 0 99999999 99999999 4 6 8 
0 99999999 99999999 99999999 99999999 2 99999999 99999999 99999997 0 2 
2 99999999 99999999 99999999 99999999 4 99999999 99999999 0 99999997 0 
4 99999999 99999999 99999999 99999999 6 99999999 99999999 2 0 99999959 
Cost 82

Null dest for 8
R7
99999995 99999999 99999999 99999999 99999999 99999999 99999999 99999999 99999999 99999999 99999999 
99999997 99999999 99999999 99999999 99999999 99999999 99999999 99999999 99999999 99999999 99999999 
99999997 99999999 99999999 99999999 99999999 99999999 99999999 99999999 99999999 99999999 99999999 
99999993 99999995 99999995 99999995 99999995 99999999 99999995 99999999 99999999 99999999 99999999 
99999997 99999999 99999999 99999999 99999999 99999999 99999999 99999999 99999999 99999999 99999999 
0 99999999 99999999 99999999 99999999 99999997 99999999 0 99999999 4 6 
99999997 99999999 99999999 99999999 99999999 99999999 99999999 99999999 99999999 99999999 99999999 
2 99999999 99999999 99999999 99999999 0 99999999 99999997 99999999 6 8 
99999999 99999999 99999999 99999999 99999999 2 99999999 4 99999999 0 2 
2 99999999 99999999 99999999 99999999 4 99999999 6 99999999 99999997 0 
4 99999999 99999999 99999999 99999999 6 99999999 8 99999999 0 99999959 
Cost 80

Null dest for 9
R7
99999995 99999999 99999999 99999999 99999999 99999999 99999999 99999999 99999999 99999999 99999999 
99999997 99999999 99999999 99999999 99999999 99999999 99999999 99999999 99999999 99999999 99999999 
99999997 99999999 99999999 99999999 99999999 99999999 99999999 99999999 99999999 99999999 99999999 
99999993 99999995 99999995 99999995 99999995 99999999 99999995 99999999 99999999 99999999 99999999 
99999997 99999999 99999999 99999999 99999999 99999999 99999999 99999999 99999999 99999999 99999999 
0 99999999 99999999 99999999 99999999 99999997 99999999 0 2 99999999 6 
99999997 99999999 99999999 99999999 99999999 99999999 99999999 99999999 99999999 99999999 99999999 
2 99999999 99999999 99999999 99999999 0 99999999 99999997 4 99999999 8 
0 99999999 99999999 99999999 99999999 2 99999999 4 99999997 99999999 2 
99999999 99999999 99999999 99999999 99999999 4 99999999 6 0 99999999 0 
2 99999997 99999997 99999997 99999997 4 99999997 6 0 99999997 99999957 
Cost 84

Null dest for 10
R7
99999995 99999999 99999999 99999999 99999999 99999999 99999999 99999999 99999999 99999999 99999999 
99999997 99999999 99999999 99999999 99999999 99999999 99999999 99999999 99999999 99999999 99999999 
99999997 99999999 99999999 99999999 99999999 99999999 99999999 99999999 99999999 99999999 99999999 
99999993 99999995 99999995 99999995 99999995 99999999 99999995 99999999 99999999 99999999 99999999 
99999997 99999999 99999999 99999999 99999999 99999999 99999999 99999999 99999999 99999999 99999999 
0 99999999 99999999 99999999 99999999 99999997 99999999 0 2 4 99999999 
99999997 99999999 99999999 99999999 99999999 99999999 99999999 99999999 99999999 99999999 99999999 
2 99999999 99999999 99999999 99999999 0 99999999 99999997 4 6 99999999 
0 99999999 99999999 99999999 99999999 2 99999999 4 99999997 0 99999999 
2 99999999 99999999 99999999 99999999 4 99999999 6 0 99999997 99999999 
99999999 99999999 99999999 99999999 99999999 6 99999999 8 2 0 99999999 
Cost 84

R7
99999995 99999999 99999999 99999999 99999999 99999999 99999999 99999999 99999999 99999999 99999999 
99999997 99999999 99999999 99999999 99999999 99999999 99999999 99999999 99999999 99999999 99999999 
99999997 99999999 99999999 99999999 99999999 99999999 99999999 99999999 99999999 99999999 99999999 
99999993 99999995 99999995 99999995 99999995 99999999 99999995 99999999 99999999 99999999 99999999 
99999997 99999999 99999999 99999999 99999999 99999999 99999999 99999999 99999999 99999999 99999999 
99999999 99999999 99999999 99999999 99999999 99999999 99999999 0 2 4 6 
99999997 99999999 99999999 99999999 99999999 99999999 99999999 99999999 99999999 99999999 99999999 
0 99999997 99999997 99999997 99999997 99999997 99999997 99999995 2 4 6 
0 99999999 99999999 99999999 99999999 99999999 99999999 4 99999997 0 2 
2 99999999 99999999 99999999 99999999 99999999 99999999 6 0 99999997 0 
4 99999999 99999999 99999999 99999999 99999999 99999999 8 2 0 99999959 
Cost 72
Before
5 7 8 9 10 
src = 5
After
7 8 9 10 index 7

R7
99999995 99999999 99999999 99999999 99999999 99999999 99999999 99999999 99999999 99999999 99999999 
99999997 99999999 99999999 99999999 99999999 99999999 99999999 99999999 99999999 99999999 99999999 
99999997 99999999 99999999 99999999 99999999 99999999 99999999 99999999 99999999 99999999 99999999 
99999993 99999995 99999995 99999995 99999995 99999999 99999995 99999999 99999999 99999999 99999999 
99999997 99999999 99999999 99999999 99999999 99999999 99999999 99999999 99999999 99999999 99999999 
99999999 99999999 99999999 99999999 99999999 99999999 99999999 99999999 99999999 99999999 99999999 
99999997 99999999 99999999 99999999 99999999 99999999 99999999 99999999 99999999 99999999 99999999 
0 99999997 99999997 99999997 99999997 99999997 99999997 99999995 2 4 6 
0 99999999 99999999 99999999 99999999 99999999 99999999 4 99999997 0 2 
2 99999999 99999999 99999999 99999999 99999999 99999999 6 0 99999997 0 
4 99999999 99999999 99999999 99999999 99999999 99999999 8 2 0 99999959 
Cost 72
left7 over 7
left7 over 8
left7 over 9
left7 over 10

Null dest for 7
R8
99999995 99999999 99999999 99999999 99999999 99999999 99999999 99999999 99999999 99999999 99999999 
99999997 99999999 99999999 99999999 99999999 99999999 99999999 99999999 99999999 99999999 99999999 
99999997 99999999 99999999 99999999 99999999 99999999 99999999 99999999 99999999 99999999 99999999 
99999993 99999995 99999995 99999995 99999995 99999999 99999995 99999999 99999999 99999999 99999999 
99999997 99999999 99999999 99999999 99999999 99999999 99999999 99999999 99999999 99999999 99999999 
99999999 99999999 99999999 99999999 99999999 99999999 99999999 99999999 99999999 99999999 99999999 
99999997 99999999 99999999 99999999 99999999 99999999 99999999 99999999 99999999 99999999 99999999 
99999997 99999997 99999997 99999997 99999997 99999997 99999997 99999997 0 2 4 
0 99999999 99999999 99999999 99999999 99999999 99999999 99999999 99999997 0 2 
2 99999999 99999999 99999999 99999999 99999999 99999999 99999999 0 99999997 0 
4 99999999 99999999 99999999 99999999 99999999 99999999 99999999 2 0 99999959 
Cost 82

Null dest for 8
R8
99999995 99999999 99999999 99999999 99999999 99999999 99999999 99999995 99999999 99999999 99999999 
99999997 99999999 99999999 99999999 99999999 99999999 99999999 99999995 99999999 99999999 99999999 
99999997 99999999 99999999 99999999 99999999 99999999 99999999 99999995 99999999 99999999 99999999 
99999993 99999995 99999995 99999995 99999995 99999999 99999995 99999995 99999999 99999999 99999999 
99999997 99999999 99999999 99999999 99999999 99999999 99999999 99999995 99999999 99999999 99999999 
99999999 99999999 99999999 99999999 99999999 99999999 99999999 99999995 99999999 99999999 99999999 
99999997 99999999 99999999 99999999 99999999 99999999 99999999 99999995 99999999 99999999 99999999 
0 99999997 99999997 99999997 99999997 99999997 99999997 99999991 99999999 4 6 
99999999 99999999 99999999 99999999 99999999 99999999 99999999 0 99999999 0 2 
2 99999999 99999999 99999999 99999999 99999999 99999999 2 99999999 99999997 0 
4 99999999 99999999 99999999 99999999 99999999 99999999 4 99999999 0 99999959 
Cost 78

Null dest for 9
R8
99999995 99999999 99999999 99999999 99999999 99999999 99999999 99999995 99999999 99999999 99999999 
99999997 99999999 99999999 99999999 99999999 99999999 99999999 99999995 99999999 99999999 99999999 
99999997 99999999 99999999 99999999 99999999 99999999 99999999 99999995 99999999 99999999 99999999 
99999993 99999995 99999995 99999995 99999995 99999999 99999995 99999995 99999999 99999999 99999999 
99999997 99999999 99999999 99999999 99999999 99999999 99999999 99999995 99999999 99999999 99999999 
99999999 99999999 99999999 99999999 99999999 99999999 99999999 99999995 99999999 99999999 99999999 
99999997 99999999 99999999 99999999 99999999 99999999 99999999 99999995 99999999 99999999 99999999 
0 99999997 99999997 99999997 99999997 99999997 99999997 99999991 2 99999999 6 
0 99999999 99999999 99999999 99999999 99999999 99999999 0 99999997 99999999 2 
99999999 99999999 99999999 99999999 99999999 99999999 99999999 2 0 99999999 0 
2 99999997 99999997 99999997 99999997 99999997 99999997 2 0 99999997 99999957 
Cost 82

Null dest for 10
R8
99999995 99999999 99999999 99999999 99999999 99999999 99999999 99999995 99999999 99999999 99999999 
99999997 99999999 99999999 99999999 99999999 99999999 99999999 99999995 99999999 99999999 99999999 
99999997 99999999 99999999 99999999 99999999 99999999 99999999 99999995 99999999 99999999 99999999 
99999993 99999995 99999995 99999995 99999995 99999999 99999995 99999995 99999999 99999999 99999999 
99999997 99999999 99999999 99999999 99999999 99999999 99999999 99999995 99999999 99999999 99999999 
99999999 99999999 99999999 99999999 99999999 99999999 99999999 99999995 99999999 99999999 99999999 
99999997 99999999 99999999 99999999 99999999 99999999 99999999 99999995 99999999 99999999 99999999 
0 99999997 99999997 99999997 99999997 99999997 99999997 99999991 2 4 99999999 
0 99999999 99999999 99999999 99999999 99999999 99999999 0 99999997 0 99999999 
2 99999999 99999999 99999999 99999999 99999999 99999999 2 0 99999997 99999999 
99999999 99999999 99999999 99999999 99999999 99999999 99999999 4 2 0 99999999 
Cost 82

R8
99999995 99999999 99999999 99999999 99999999 99999999 99999999 99999995 99999999 99999999 99999999 
99999997 99999999 99999999 99999999 99999999 99999999 99999999 99999995 99999999 99999999 99999999 
99999997 99999999 99999999 99999999 99999999 99999999 99999999 99999995 99999999 99999999 99999999 
99999993 99999995 99999995 99999995 99999995 99999999 99999995 99999995 99999999 99999999 99999999 
99999997 99999999 99999999 99999999 99999999 99999999 99999999 99999995 99999999 99999999 99999999 
99999999 99999999 99999999 99999999 99999999 99999999 99999999 99999995 99999999 99999999 99999999 
99999997 99999999 99999999 99999999 99999999 99999999 99999999 99999995 99999999 99999999 99999999 
0 99999997 99999997 99999997 99999997 99999997 99999997 99999991 99999999 4 6 
99999999 99999999 99999999 99999999 99999999 99999999 99999999 0 99999999 0 2 
2 99999999 99999999 99999999 99999999 99999999 99999999 2 99999999 99999997 0 
4 99999999 99999999 99999999 99999999 99999999 99999999 4 99999999 0 99999959 
Cost 82
Before
7 8 9 10 
src = 8
After
7 9 10 index 8

R8
99999995 99999999 99999999 99999999 99999999 99999999 99999999 99999995 99999999 99999999 99999999 
99999997 99999999 99999999 99999999 99999999 99999999 99999999 99999995 99999999 99999999 99999999 
99999997 99999999 99999999 99999999 99999999 99999999 99999999 99999995 99999999 99999999 99999999 
99999993 99999995 99999995 99999995 99999995 99999999 99999995 99999995 99999999 99999999 99999999 
99999997 99999999 99999999 99999999 99999999 99999999 99999999 99999995 99999999 99999999 99999999 
99999999 99999999 99999999 99999999 99999999 99999999 99999999 99999995 99999999 99999999 99999999 
99999997 99999999 99999999 99999999 99999999 99999999 99999999 99999995 99999999 99999999 99999999 
0 99999997 99999997 99999997 99999997 99999997 99999997 99999991 99999999 4 6 
99999999 99999999 99999999 99999999 99999999 99999999 99999999 99999999 99999999 99999999 99999999 
2 99999999 99999999 99999999 99999999 99999999 99999999 2 99999999 99999997 0 
4 99999999 99999999 99999999 99999999 99999999 99999999 4 99999999 0 99999959 
Cost 82
left8 over 7
left8 over 9
left8 over 10

Null dest for 7
R9
99999993 99999999 99999999 99999999 99999999 99999999 99999999 99999995 99999999 99999999 99999999 
99999995 99999999 99999999 99999999 99999999 99999999 99999999 99999995 99999999 99999999 99999999 
99999995 99999999 99999999 99999999 99999999 99999999 99999999 99999995 99999999 99999999 99999999 
99999991 99999995 99999995 99999995 99999995 99999999 99999995 99999995 99999999 99999999 99999999 
99999995 99999999 99999999 99999999 99999999 99999999 99999999 99999995 99999999 99999999 99999999 
99999997 99999999 99999999 99999999 99999999 99999999 99999999 99999995 99999999 99999999 99999999 
99999995 99999999 99999999 99999999 99999999 99999999 99999999 99999995 99999999 99999999 99999999 
99999993 99999995 99999995 99999995 99999995 99999995 99999995 99999995 99999995 0 2 
99999997 99999999 99999999 99999999 99999999 99999999 99999999 99999999 99999999 99999999 99999999 
0 99999999 99999999 99999999 99999999 99999999 99999999 99999999 99999999 99999997 0 
2 99999999 99999999 99999999 99999999 99999999 99999999 99999999 99999999 0 99999959 
Cost 80

Null dest for 9
R9
99999995 99999999 99999999 99999999 99999999 99999999 99999999 99999995 99999999 99999999 99999999 
99999997 99999999 99999999 99999999 99999999 99999999 99999999 99999995 99999999 99999999 99999999 
99999997 99999999 99999999 99999999 99999999 99999999 99999999 99999995 99999999 99999999 99999999 
99999993 99999995 99999995 99999995 99999995 99999999 99999995 99999995 99999999 99999999 99999999 
99999997 99999999 99999999 99999999 99999999 99999999 99999999 99999995 99999999 99999999 99999999 
99999999 99999999 99999999 99999999 99999999 99999999 99999999 99999995 99999999 99999999 99999999 
99999997 99999999 99999999 99999999 99999999 99999999 99999999 99999995 99999999 99999999 99999999 
0 99999997 99999997 99999997 99999997 99999997 99999997 99999991 99999999 99999999 6 
99999999 99999999 99999999 99999999 99999999 99999999 99999999 99999999 99999999 99999999 99999999 
99999999 99999999 99999999 99999999 99999999 99999999 99999999 2 99999999 99999999 0 
0 99999995 99999995 99999995 99999995 99999995 99999995 0 99999995 99999995 99999955 
Cost 86

Null dest for 10
R9
99999995 99999999 99999999 99999999 99999999 99999999 99999999 99999995 99999999 99999999 99999999 
99999997 99999999 99999999 99999999 99999999 99999999 99999999 99999995 99999999 99999999 99999999 
99999997 99999999 99999999 99999999 99999999 99999999 99999999 99999995 99999999 99999999 99999999 
99999993 99999995 99999995 99999995 99999995 99999999 99999995 99999995 99999999 99999999 99999999 
99999997 99999999 99999999 99999999 99999999 99999999 99999999 99999995 99999999 99999999 99999999 
99999999 99999999 99999999 99999999 99999999 99999999 99999999 99999995 99999999 99999999 99999999 
99999997 99999999 99999999 99999999 99999999 99999999 99999999 99999995 99999999 99999999 99999999 
0 99999997 99999997 99999997 99999997 99999997 99999997 99999991 99999999 4 99999999 
99999999 99999999 99999999 99999999 99999999 99999999 99999999 99999999 99999999 99999999 99999999 
0 99999997 99999997 99999997 99999997 99999997 99999997 0 99999997 99999995 99999997 
99999999 99999999 99999999 99999999 99999999 99999999 99999999 4 99999999 0 99999999 
Cost 86

R9
99999993 99999999 99999999 99999999 99999999 99999999 99999999 99999995 99999999 99999999 99999999 
99999995 99999999 99999999 99999999 99999999 99999999 99999999 99999995 99999999 99999999 99999999 
99999995 99999999 99999999 99999999 99999999 99999999 99999999 99999995 99999999 99999999 99999999 
99999991 99999995 99999995 99999995 99999995 99999999 99999995 99999995 99999999 99999999 99999999 
99999995 99999999 99999999 99999999 99999999 99999999 99999999 99999995 99999999 99999999 99999999 
99999997 99999999 99999999 99999999 99999999 99999999 99999999 99999995 99999999 99999999 99999999 
99999995 99999999 99999999 99999999 99999999 99999999 99999999 99999995 99999999 99999999 99999999 
99999993 99999995 99999995 99999995 99999995 99999995 99999995 99999995 99999995 0 2 
99999997 99999999 99999999 99999999 99999999 99999999 99999999 99999999 99999999 99999999 99999999 
0 99999999 99999999 99999999 99999999 99999999 99999999 99999999 99999999 99999997 0 
2 99999999 99999999 99999999 99999999 99999999 99999999 99999999 99999999 0 99999959 
Cost 86
Before
7 9 10 
src = 7
After
9 10 index 9

R9
99999993 99999999 99999999 99999999 99999999 99999999 99999999 99999995 99999999 99999999 99999999 
99999995 99999999 99999999 99999999 99999999 99999999 99999999 99999995 99999999 99999999 99999999 
99999995 99999999 99999999 99999999 99999999 99999999 99999999 99999995 99999999 99999999 99999999 
99999991 99999995 99999995 99999995 99999995 99999999 99999995 99999995 99999999 99999999 99999999 
99999995 99999999 99999999 99999999 99999999 99999999 99999999 99999995 99999999 99999999 99999999 
99999997 99999999 99999999 99999999 99999999 99999999 99999999 99999995 99999999 99999999 99999999 
99999995 99999999 99999999 99999999 99999999 99999999 99999999 99999995 99999999 99999999 99999999 
99999993 99999995 99999995 99999995 99999995 99999995 99999995 99999999 99999995 99999999 99999999 
99999997 99999999 99999999 99999999 99999999 99999999 99999999 99999999 99999999 99999999 99999999 
0 99999999 99999999 99999999 99999999 99999999 99999999 99999999 99999999 99999997 0 
2 99999999 99999999 99999999 99999999 99999999 99999999 99999999 99999999 0 99999959 
Cost 86
left9 over 9
left9 over 10

Null dest for 9
R10
99999993 99999999 99999999 99999999 99999999 99999999 99999999 99999995 99999999 99999999 99999999 
99999995 99999999 99999999 99999999 99999999 99999999 99999999 99999995 99999999 99999999 99999999 
99999995 99999999 99999999 99999999 99999999 99999999 99999999 99999995 99999999 99999999 99999999 
99999991 99999995 99999995 99999995 99999995 99999999 99999995 99999995 99999999 99999999 99999999 
99999995 99999999 99999999 99999999 99999999 99999999 99999999 99999995 99999999 99999999 99999999 
99999997 99999999 99999999 99999999 99999999 99999999 99999999 99999995 99999999 99999999 99999999 
99999995 99999999 99999999 99999999 99999999 99999999 99999999 99999995 99999999 99999999 99999999 
99999993 99999995 99999995 99999995 99999995 99999995 99999995 99999999 99999995 99999999 99999999 
99999997 99999999 99999999 99999999 99999999 99999999 99999999 99999999 99999999 99999999 99999999 
99999999 99999999 99999999 99999999 99999999 99999999 99999999 99999999 99999999 99999999 0 
0 99999997 99999997 99999997 99999997 99999997 99999997 99999997 99999997 99999997 99999957 
Cost 84

Null dest for 10
R10
99999993 99999999 99999999 99999999 99999999 99999999 99999999 99999995 99999999 99999999 99999999 
99999995 99999999 99999999 99999999 99999999 99999999 99999999 99999995 99999999 99999999 99999999 
99999995 99999999 99999999 99999999 99999999 99999999 99999999 99999995 99999999 99999999 99999999 
99999991 99999995 99999995 99999995 99999995 99999999 99999995 99999995 99999999 99999999 99999999 
99999995 99999999 99999999 99999999 99999999 99999999 99999999 99999995 99999999 99999999 99999999 
99999997 99999999 99999999 99999999 99999999 99999999 99999999 99999995 99999999 99999999 99999999 
99999995 99999999 99999999 99999999 99999999 99999999 99999999 99999995 99999999 99999999 99999999 
99999993 99999995 99999995 99999995 99999995 99999995 99999995 99999995 99999995 99999999 99999999 
99999997 99999999 99999999 99999999 99999999 99999999 99999999 99999999 99999999 99999999 99999999 
0 99999999 99999999 99999999 99999999 99999999 99999999 99999999 99999999 99999997 99999999 
99999999 99999999 99999999 99999999 99999999 99999999 99999999 99999999 99999999 0 99999999 
Cost 88

R10
99999993 99999999 99999999 99999999 99999999 99999999 99999999 99999995 99999999 99999999 99999999 
99999995 99999999 99999999 99999999 99999999 99999999 99999999 99999995 99999999 99999999 99999999 
99999995 99999999 99999999 99999999 99999999 99999999 99999999 99999995 99999999 99999999 99999999 
99999991 99999995 99999995 99999995 99999995 99999999 99999995 99999995 99999999 99999999 99999999 
99999995 99999999 99999999 99999999 99999999 99999999 99999999 99999995 99999999 99999999 99999999 
99999997 99999999 99999999 99999999 99999999 99999999 99999999 99999995 99999999 99999999 99999999 
99999995 99999999 99999999 99999999 99999999 99999999 99999999 99999995 99999999 99999999 99999999 
99999993 99999995 99999995 99999995 99999995 99999995 99999995 99999995 99999995 99999999 99999999 
99999997 99999999 99999999 99999999 99999999 99999999 99999999 99999999 99999999 99999999 99999999 
99999999 99999999 99999999 99999999 99999999 99999999 99999999 99999999 99999999 99999999 0 
0 99999997 99999997 99999997 99999997 99999997 99999997 99999997 99999997 99999997 99999957 
Cost 86
Before
9 10 
src = 9
After
10 index 10

R10
99999993 99999999 99999999 99999999 99999999 99999999 99999999 99999995 99999999 99999999 99999999 
99999995 99999999 99999999 99999999 99999999 99999999 99999999 99999995 99999999 99999999 99999999 
99999995 99999999 99999999 99999999 99999999 99999999 99999999 99999995 99999999 99999999 99999999 
99999991 99999995 99999995 99999995 99999995 99999999 99999995 99999995 99999999 99999999 99999999 
99999995 99999999 99999999 99999999 99999999 99999999 99999999 99999995 99999999 99999999 99999999 
99999997 99999999 99999999 99999999 99999999 99999999 99999999 99999995 99999999 99999999 99999999 
99999995 99999999 99999999 99999999 99999999 99999999 99999999 99999995 99999999 99999999 99999999 
99999993 99999995 99999995 99999995 99999995 99999995 99999995 99999995 99999995 99999999 99999999 
99999997 99999999 99999999 99999999 99999999 99999999 99999999 99999999 99999999 99999999 99999999 
99999999 99999999 99999999 99999999 99999999 99999999 99999999 99999999 99999999 99999999 99999999 
0 99999997 99999997 99999997 99999997 99999997 99999997 99999997 99999997 99999997 99999957 
Cost 86
left10 over 10

Null dest for 10
R11
99999993 99999999 99999999 99999999 99999999 99999999 99999999 99999995 99999999 99999999 99999999 
99999995 99999999 99999999 99999999 99999999 99999999 99999999 99999995 99999999 99999999 99999999 
99999995 99999999 99999999 99999999 99999999 99999999 99999999 99999995 99999999 99999999 99999999 
99999991 99999995 99999995 99999995 99999995 99999999 99999995 99999995 99999999 99999999 99999999 
99999995 99999999 99999999 99999999 99999999 99999999 99999999 99999995 99999999 99999999 99999999 
99999997 99999999 99999999 99999999 99999999 99999999 99999999 99999995 99999999 99999999 99999999 
99999995 99999999 99999999 99999999 99999999 99999999 99999999 99999995 99999999 99999999 99999999 
99999993 99999995 99999995 99999995 99999995 99999995 99999995 99999995 99999995 99999999 99999999 
99999997 99999999 99999999 99999999 99999999 99999999 99999999 99999999 99999999 99999999 99999999 
99999999 99999999 99999999 99999999 99999999 99999999 99999999 99999999 99999999 99999999 99999999 
99999999 99999999 99999999 99999999 99999999 99999999 99999999 99999999 99999999 99999999 99999999 
Cost 86

R11
99999993 99999999 99999999 99999999 99999999 99999999 99999999 99999995 99999999 99999999 99999999 
99999995 99999999 99999999 99999999 99999999 99999999 99999999 99999995 99999999 99999999 99999999 
99999995 99999999 99999999 99999999 99999999 99999999 99999999 99999995 99999999 99999999 99999999 
99999991 99999995 99999995 99999995 99999995 99999999 99999995 99999995 99999999 99999999 99999999 
99999995 99999999 99999999 99999999 99999999 99999999 99999999 99999995 99999999 99999999 99999999 
99999997 99999999 99999999 99999999 99999999 99999999 99999999 99999995 99999999 99999999 99999999 
99999995 99999999 99999999 99999999 99999999 99999999 99999999 99999995 99999999 99999999 99999999 
99999993 99999995 99999995 99999995 99999995 99999995 99999995 99999995 99999995 99999999 99999999 
99999997 99999999 99999999 99999999 99999999 99999999 99999999 99999999 99999999 99999999 99999999 
99999999 99999999 99999999 99999999 99999999 99999999 99999999 99999999 99999999 99999999 99999999 
99999999 99999999 99999999 99999999 99999999 99999999 99999999 99999999 99999999 99999999 99999999 
Cost 86
Before
10 
src = 10
After
10 index 10

R11
99999993 99999999 99999999 99999999 99999999 99999999 99999999 99999995 99999999 99999999 99999999 
99999995 99999999 99999999 99999999 99999999 99999999 99999999 99999995 99999999 99999999 99999999 
99999995 99999999 99999999 99999999 99999999 99999999 99999999 99999995 99999999 99999999 99999999 
99999991 99999995 99999995 99999995 99999995 99999999 99999995 99999995 99999999 99999999 99999999 
99999995 99999999 99999999 99999999 99999999 99999999 99999999 99999995 99999999 99999999 99999999 
99999997 99999999 99999999 99999999 99999999 99999999 99999999 99999995 99999999 99999999 99999999 
99999995 99999999 99999999 99999999 99999999 99999999 99999999 99999995 99999999 99999999 99999999 
99999993 99999995 99999995 99999995 99999995 99999995 99999995 99999995 99999995 99999999 99999999 
99999997 99999999 99999999 99999999 99999999 99999999 99999999 99999999 99999999 99999999 99999999 
99999999 99999999 99999999 99999999 99999999 99999999 99999999 99999999 99999999 99999999 99999999 
99999999 99999999 99999999 99999999 99999999 99999999 99999999 99999999 99999999 99999999 99999999 
Cost 86
left11 over 10

Null dest for 10
R12
99999993 99999999 99999999 99999999 99999999 99999999 99999999 99999995 99999999 99999999 99999999 
99999995 99999999 99999999 99999999 99999999 99999999 99999999 99999995 99999999 99999999 99999999 
99999995 99999999 99999999 99999999 99999999 99999999 99999999 99999995 99999999 99999999 99999999 
99999991 99999995 99999995 99999995 99999995 99999999 99999995 99999995 99999999 99999999 99999999 
99999995 99999999 99999999 99999999 99999999 99999999 99999999 99999995 99999999 99999999 99999999 
99999997 99999999 99999999 99999999 99999999 99999999 99999999 99999995 99999999 99999999 99999999 
99999995 99999999 99999999 99999999 99999999 99999999 99999999 99999995 99999999 99999999 99999999 
99999993 99999995 99999995 99999995 99999995 99999995 99999995 99999995 99999995 99999999 99999999 
99999997 99999999 99999999 99999999 99999999 99999999 99999999 99999999 99999999 99999999 99999999 
99999999 99999999 99999999 99999999 99999999 99999999 99999999 99999999 99999999 99999999 99999999 
99999999 99999999 99999999 99999999 99999999 99999999 99999999 99999999 99999999 99999999 99999999 
Cost 100000085

R12
99999999 99999999 99999999 99999999 99999999 99999999 99999999 99999999 99999999 99999999 99999999 
99999995 99999999 99999999 99999999 99999999 99999999 99999999 99999995 99999999 99999999 99999999 
99999995 99999999 99999999 99999999 99999999 99999999 99999999 99999995 99999999 99999999 99999999 
99999991 99999995 99999995 99999995 99999995 99999999 99999995 99999995 99999999 99999999 99999999 
99999995 99999999 99999999 99999999 99999999 99999999 99999999 99999995 99999999 99999999 99999999 
99999997 99999999 99999999 99999999 99999999 99999999 99999999 99999995 99999999 99999999 99999999 
99999995 99999999 99999999 99999999 99999999 99999999 99999999 99999995 99999999 99999999 99999999 
99999993 99999995 99999995 99999995 99999995 99999995 99999995 99999995 99999995 99999999 99999999 
99999997 99999999 99999999 99999999 99999999 99999999 99999999 99999999 99999999 99999999 99999999 
99999999 99999999 99999999 99999999 99999999 99999999 99999999 99999999 99999999 99999999 99999999 
99999999 99999999 99999999 99999999 99999999 99999999 99999999 99999999 99999999 99999999 99999999 
Cost 0
Before
10 
src = 10
After
10 index 10

R12
99999999 99999999 99999999 99999999 99999999 99999999 99999999 99999999 99999999 99999999 99999999 
99999995 99999999 99999999 99999999 99999999 99999999 99999999 99999995 99999999 99999999 99999999 
99999995 99999999 99999999 99999999 99999999 99999999 99999999 99999995 99999999 99999999 99999999 
99999991 99999995 99999995 99999995 99999995 99999999 99999995 99999995 99999999 99999999 99999999 
99999995 99999999 99999999 99999999 99999999 99999999 99999999 99999995 99999999 99999999 99999999 
99999997 99999999 99999999 99999999 99999999 99999999 99999999 99999995 99999999 99999999 99999999 
99999995 99999999 99999999 99999999 99999999 99999999 99999999 99999995 99999999 99999999 99999999 
99999993 99999995 99999995 99999995 99999995 99999995 99999995 99999995 99999995 99999999 99999999 
99999997 99999999 99999999 99999999 99999999 99999999 99999999 99999999 99999999 99999999 99999999 
99999999 99999999 99999999 99999999 99999999 99999999 99999999 99999999 99999999 99999999 99999999 
99999999 99999999 99999999 99999999 99999999 99999999 99999999 99999999 99999999 99999999 99999999 
Cost 0
left12 over 10
order 0
order 2
order 4
order 1
order 6
order 3
order 5
order 8
order 7
order 9
order 10
finalOrder 258540 out 0
 finalOrder 254489 out 2
 finalOrder 287261 out 4
 finalOrder 286457 out 1
 finalOrder 76283 out 6
 finalOrder 111873 out 3
 finalOrder 342706 out 5
 finalOrder 366109 out 8
 finalOrder 281610 out 7
 finalOrder 198029 out 9
 ---------------------------------------------------------------------
Order		 Distance	 Weight				 Effort			  Path
254489		 13				 0.100000			 1.300000		(0,0)	(1,0)	(2,0)	(3,0)	(4,0)	(5,0)	(5,1)	(5,2)	(5,3)	(5,4)	(5,5)	(5,6)	(5,7)	(5,8)	
287261		 4				 0.000000			 0.000000		(5,8)	(5,9)	(6,9)	(7,9)	(7,8)	
286457		 6				 0.000000			 0.000000		(7,8)	(7,7)	(8,7)	(9,7)	(10,7)	(11,7)	(11,6)	
76283		 4				 0.000000			 0.000000		(11,6)	(11,7)	(11,8)	(11,9)	(11,10)	
111873		 4				 0.000000			 0.000000		(11,10)	(11,9)	(10,9)	(9,9)	(9,8)	
342706		 0				 0.000000			 0.000000		(9,8)	
366109		 2				 0.000000			 0.000000		(9,8)	(9,9)	(9,10)	
281610		 0				 0.000000			 0.000000		(9,10)	
198029		 2				 0.000000			 0.000000		(9,10)	(9,11)	(9,12)	
end			 16				 0.000000			 0.000000		(9,12)	(9,13)	(8,13)	(7,13)	(6,13)	(5,13)	(4,13)	(3,13)	(2,13)	(1,13)	(1,14)	(1,15)	(1,16)	(1,17)	(1,18)	(1,19)	(1,20)	
Total Distance = 51	 Total Effort = 1.300000
It took me 21043 clicks (0.021043 seconds).
