Pick a number: name items (1) or read from list(2)?
Give an order list number or type '101' to read the entire file
Include weight? Yes (1) or No (0)
---------------------------------------------------------------------
Order		 Distance	 Weight				 Effort			  Path
383599		 23				 1.000000			 23.000000		(0,0)	(1,0)	(2,0)	(3,0)	(4,0)	(5,0)	(6,0)	(7,0)	(8,0)	(9,0)	(10,0)	(11,0)	(12,0)	(13,0)	(13,1)	(13,2)	(13,3)	(13,4)	(13,5)	(13,6)	(13,7)	(13,8)	(13,9)	(13,10)	
381992		 0				 0.000000			 0.000000		(13,10)	
258569		 0				 0.000000			 0.000000		(13,10)	
324086		 8				 0.000000			 0.000000		(13,10)	(13,9)	(12,9)	(11,9)	(10,9)	(9,9)	(9,8)	(9,7)	(9,6)	
1456044		 10				 0.000000			 0.000000		(9,6)	(9,7)	(9,8)	(9,9)	(9,10)	(9,11)	(9,12)	(9,13)	(9,14)	(9,15)	(9,16)	
end			 12				 0.000000			 0.000000		(9,16)	(9,17)	(8,17)	(7,17)	(6,17)	(5,17)	(4,17)	(3,17)	(2,17)	(1,17)	(1,18)	(1,19)	(1,20)	
Total Distance = 53	 Total Effort = 23.000000
99999999 99999999 99999999 10 10 23 
99999999 99999999 99999999 10 10 23 
99999999 99999999 99999999 10 10 23 
10 10 10 99999999 12 25 
10 10 10 12 99999999 33 
23 23 23 25 33 99999999 
Order = ID 0 = index 0 Order = ID 1 = index 1 Order = ID 2 = index 2 Order = ID 3 = index 3 Order = ID 4 = index 4 Order = ID 5 = index 5 

Original
R0
99999999 99999999 99999999 10 10 23 
99999999 99999999 99999999 10 10 23 
99999999 99999999 99999999 10 10 23 
10 10 10 99999999 12 25 
10 10 10 12 99999999 33 
23 23 23 25 33 99999999 

Init Reduce
R1
99999989 99999989 99999989 0 0 0 
99999989 99999989 99999989 0 0 0 
99999989 99999989 99999989 0 0 0 
0 0 0 99999989 2 2 
0 0 0 2 99999989 10 
0 0 0 2 10 99999963 
LB 86
Before
0 1 2 3 4 5 
src = 0
After
1 2 3 4 5 index 1

 Null src
R1
99999989 99999989 99999989 0 0 0 
99999989 99999989 99999989 0 0 0 
99999989 99999989 99999989 0 0 0 
0 0 0 99999989 2 2 
0 0 0 2 99999989 10 
0 0 0 2 10 99999963 

Null dest for 1
R2
99999989 99999989 99999989 0 0 0 
99999999 99999999 99999989 0 0 0 
99999989 99999999 99999989 0 0 0 
0 99999999 0 99999989 2 2 
0 99999999 0 2 99999989 10 
0 99999999 0 2 10 99999963 
Cost 100000075

Null dest for 2
R2
99999989 99999999 99999999 99999999 99999999 99999999 
99999989 99999989 99999999 0 0 0 
99999999 99999989 99999999 0 0 0 
0 0 99999999 99999989 2 2 
0 0 99999999 2 99999989 10 
0 0 99999999 2 10 99999963 
Cost 100000075

Null dest for 3
R2
99999989 99999999 99999999 99999999 99999999 99999999 
99999989 99999989 99999989 99999999 0 0 
99999989 99999989 99999989 99999999 0 0 
99999999 0 0 99999999 2 2 
0 0 0 99999999 99999989 10 
0 0 0 99999999 10 99999963 
Cost 86

Null dest for 4
R2
99999989 99999999 99999999 99999999 99999999 99999999 
99999989 99999989 99999989 0 99999999 0 
99999989 99999989 99999989 0 99999999 0 
0 0 0 99999989 99999999 2 
99999999 0 0 2 99999999 10 
0 0 0 2 99999999 99999963 
Cost 86

Null dest for 5
R2
99999989 99999999 99999999 99999999 99999999 99999999 
99999989 99999989 99999989 0 0 99999999 
99999989 99999989 99999989 0 0 99999999 
0 0 0 99999989 2 99999999 
0 0 0 2 99999989 99999999 
99999999 0 0 2 10 99999999 
Cost 86

R2
99999989 99999999 99999999 99999999 99999999 99999999 
99999989 99999989 99999989 99999999 0 0 
99999989 99999989 99999989 99999999 0 0 
99999999 0 0 99999999 2 2 
0 0 0 99999999 99999989 10 
0 0 0 99999999 10 99999963 
Cost 86
Before
1 2 3 4 5 
src = 3
After
1 2 4 5 index 2

R2
99999989 99999999 99999999 99999999 99999999 99999999 
99999989 99999989 99999989 99999999 0 0 
99999989 99999989 99999989 99999999 0 0 
99999999 99999999 99999999 99999999 99999999 99999999 
0 0 0 99999999 99999989 10 
0 0 0 99999999 10 99999963 
Cost 86
left2 over 1
left2 over 2
left2 over 4
left2 over 5

Null dest for 1
R3
99999989 99999999 99999999 99999999 99999999 99999999 
99999999 99999999 99999989 99999999 0 0 
99999989 99999999 99999989 99999999 0 0 
99999999 99999999 99999999 99999999 99999999 99999999 
0 99999999 0 99999999 99999989 10 
0 99999999 0 99999999 10 99999963 
Cost 86

Null dest for 2
R3
99999989 99999999 99999999 99999999 99999999 99999999 
99999989 99999989 99999999 99999999 0 0 
99999999 99999989 99999999 99999999 0 0 
99999999 99999999 99999999 99999999 99999999 99999999 
0 0 99999999 99999999 99999989 10 
0 0 99999999 99999999 10 99999963 
Cost 86

Null dest for 4
R3
99999989 99999999 99999999 99999999 99999999 99999999 
99999989 99999989 99999989 99999999 99999999 0 
99999989 99999989 99999989 99999999 99999999 0 
99999999 99999999 99999999 99999999 99999999 99999999 
99999999 0 0 99999999 99999999 10 
0 0 0 99999999 99999999 99999963 
Cost 88

Null dest for 5
R3
99999989 99999999 99999999 99999999 99999999 99999999 
99999989 99999989 99999989 99999999 0 99999999 
99999989 99999989 99999989 99999999 0 99999999 
99999999 99999999 99999999 99999999 99999999 99999999 
0 0 0 99999999 99999989 99999999 
99999999 0 0 99999999 10 99999999 
Cost 88

R3
99999989 99999999 99999999 99999999 99999999 99999999 
99999999 99999999 99999989 99999999 0 0 
99999989 99999999 99999989 99999999 0 0 
99999999 99999999 99999999 99999999 99999999 99999999 
0 99999999 0 99999999 99999989 10 
0 99999999 0 99999999 10 99999963 
Cost 86
Before
1 2 4 5 
src = 1
After
2 4 5 index 3

R3
99999989 99999999 99999999 99999999 99999999 99999999 
99999999 99999999 99999999 99999999 99999999 99999999 
99999989 99999999 99999989 99999999 0 0 
99999999 99999999 99999999 99999999 99999999 99999999 
0 99999999 0 99999999 99999989 10 
0 99999999 0 99999999 10 99999963 
Cost 86
left3 over 2
left3 over 4
left3 over 5

Null dest for 2
R4
99999989 99999999 99999999 99999999 99999999 99999999 
99999999 99999999 99999999 99999999 99999999 99999999 
99999999 99999999 99999999 99999999 0 0 
99999999 99999999 99999999 99999999 99999999 99999999 
0 99999999 99999999 99999999 99999989 10 
0 99999999 99999999 99999999 10 99999963 
Cost 100000075

Null dest for 4
R4
99999989 99999999 99999999 99999999 99999999 99999999 
99999999 99999999 99999999 99999999 99999999 99999999 
99999989 99999999 99999989 99999999 99999999 0 
99999999 99999999 99999999 99999999 99999999 99999999 
99999999 99999999 0 99999999 99999999 10 
0 99999999 0 99999999 99999999 99999963 
Cost 86

Null dest for 5
R4
99999989 99999999 99999999 99999999 99999999 99999999 
99999999 99999999 99999999 99999999 99999999 99999999 
99999989 99999999 99999989 99999999 0 99999999 
99999999 99999999 99999999 99999999 99999999 99999999 
0 99999999 0 99999999 99999989 99999999 
99999999 99999999 0 99999999 10 99999999 
Cost 86

R4
99999989 99999999 99999999 99999999 99999999 99999999 
99999999 99999999 99999999 99999999 99999999 99999999 
99999989 99999999 99999989 99999999 99999999 0 
99999999 99999999 99999999 99999999 99999999 99999999 
99999999 99999999 0 99999999 99999999 10 
0 99999999 0 99999999 99999999 99999963 
Cost 86
Before
2 4 5 
src = 4
After
2 5 index 4

R4
99999989 99999999 99999999 99999999 99999999 99999999 
99999999 99999999 99999999 99999999 99999999 99999999 
99999989 99999999 99999989 99999999 99999999 0 
99999999 99999999 99999999 99999999 99999999 99999999 
99999999 99999999 99999999 99999999 99999999 99999999 
0 99999999 0 99999999 99999999 99999963 
Cost 86
left4 over 2
left4 over 5

Null dest for 2
R5
99999989 99999999 99999999 99999999 99999999 99999999 
99999999 99999999 99999999 99999999 99999999 99999999 
99999999 99999999 99999999 99999999 99999999 0 
99999999 99999999 99999999 99999999 99999999 99999999 
99999999 99999999 99999999 99999999 99999999 99999999 
0 99999999 99999999 99999999 99999999 99999963 
Cost 86

Null dest for 5
R5
99999989 99999999 99999999 99999999 99999999 99999999 
99999999 99999999 99999999 99999999 99999999 99999999 
99999989 99999999 99999989 99999999 99999999 99999999 
99999999 99999999 99999999 99999999 99999999 99999999 
99999999 99999999 99999999 99999999 99999999 99999999 
99999999 99999999 0 99999999 99999999 99999999 
Cost 96

R5
99999989 99999999 99999999 99999999 99999999 99999999 
99999999 99999999 99999999 99999999 99999999 99999999 
99999999 99999999 99999999 99999999 99999999 0 
99999999 99999999 99999999 99999999 99999999 99999999 
99999999 99999999 99999999 99999999 99999999 99999999 
0 99999999 99999999 99999999 99999999 99999963 
Cost 86
Before
2 5 
src = 2
After
5 index 5

R5
99999989 99999999 99999999 99999999 99999999 99999999 
99999999 99999999 99999999 99999999 99999999 99999999 
99999999 99999999 99999999 99999999 99999999 99999999 
99999999 99999999 99999999 99999999 99999999 99999999 
99999999 99999999 99999999 99999999 99999999 99999999 
0 99999999 99999999 99999999 99999999 99999963 
Cost 86
left5 over 5

Null dest for 5
R6
99999989 99999999 99999999 99999999 99999999 99999999 
99999999 99999999 99999999 99999999 99999999 99999999 
99999999 99999999 99999999 99999999 99999999 99999999 
99999999 99999999 99999999 99999999 99999999 99999999 
99999999 99999999 99999999 99999999 99999999 99999999 
99999999 99999999 99999999 99999999 99999999 99999999 
Cost 86

R6
99999989 99999999 99999999 99999999 99999999 99999999 
99999999 99999999 99999999 99999999 99999999 99999999 
99999999 99999999 99999999 99999999 99999999 99999999 
99999999 99999999 99999999 99999999 99999999 99999999 
99999999 99999999 99999999 99999999 99999999 99999999 
99999999 99999999 99999999 99999999 99999999 99999999 
Cost 86
Before
5 
src = 5
After
5 index 5

R6
99999989 99999999 99999999 99999999 99999999 99999999 
99999999 99999999 99999999 99999999 99999999 99999999 
99999999 99999999 99999999 99999999 99999999 99999999 
99999999 99999999 99999999 99999999 99999999 99999999 
99999999 99999999 99999999 99999999 99999999 99999999 
99999999 99999999 99999999 99999999 99999999 99999999 
Cost 86
left6 over 5

Null dest for 5
R7
99999989 99999999 99999999 99999999 99999999 99999999 
99999999 99999999 99999999 99999999 99999999 99999999 
99999999 99999999 99999999 99999999 99999999 99999999 
99999999 99999999 99999999 99999999 99999999 99999999 
99999999 99999999 99999999 99999999 99999999 99999999 
99999999 99999999 99999999 99999999 99999999 99999999 
Cost 100000085

R7
99999999 99999999 99999999 99999999 99999999 99999999 
99999999 99999999 99999999 99999999 99999999 99999999 
99999999 99999999 99999999 99999999 99999999 99999999 
99999999 99999999 99999999 99999999 99999999 99999999 
99999999 99999999 99999999 99999999 99999999 99999999 
99999999 99999999 99999999 99999999 99999999 99999999 
Cost 0
Before
5 
src = 5
After
5 index 5

R7
99999999 99999999 99999999 99999999 99999999 99999999 
99999999 99999999 99999999 99999999 99999999 99999999 
99999999 99999999 99999999 99999999 99999999 99999999 
99999999 99999999 99999999 99999999 99999999 99999999 
99999999 99999999 99999999 99999999 99999999 99999999 
99999999 99999999 99999999 99999999 99999999 99999999 
Cost 0
left7 over 5
finalOrder 0 out 0
 finalOrder 381992 out 3
 finalOrder 324086 out 1
 finalOrder 383599 out 4
 finalOrder 258569 out 2
 finalOrder 1456044 out 5
 ---------------------------------------------------------------------
Order		 Distance	 Weight				 Effort			  Path
381992		 23				 1.000000			 23.000000		(0,0)	(1,0)	(2,0)	(3,0)	(4,0)	(5,0)	(6,0)	(7,0)	(8,0)	(9,0)	(10,0)	(11,0)	(12,0)	(13,0)	(13,1)	(13,2)	(13,3)	(13,4)	(13,5)	(13,6)	(13,7)	(13,8)	(13,9)	(13,10)	
324086		 8				 0.000000			 0.000000		(13,10)	(13,9)	(12,9)	(11,9)	(10,9)	(9,9)	(9,8)	(9,7)	(9,6)	
383599		 8				 1.000000			 8.000000		(9,6)	(9,7)	(10,7)	(11,7)	(12,7)	(13,7)	(13,8)	(13,9)	(13,10)	
258569		 0				 0.000000			 0.000000		(13,10)	
1456044		 8				 0.000000			 0.000000		(13,10)	(13,11)	(12,11)	(11,11)	(11,12)	(11,13)	(11,14)	(11,15)	(11,16)	
end			 14				 0.000000			 0.000000		(11,16)	(11,17)	(10,17)	(9,17)	(8,17)	(7,17)	(6,17)	(5,17)	(4,17)	(3,17)	(2,17)	(1,17)	(1,18)	(1,19)	(1,20)	
Total Distance = 61	 Total Effort = 31.000000
It took me 11345 clicks (0.011345 seconds).
