Pick a number: name items (1) or read from list(2)?
Give an order list number or type '101' to read the entire file
Include weight? Yes (1) or No (0)
---------------------------------------------------------------------
Order		 Distance	 Weight				 Effort			  Path
405691		 23				 0.000000			 0.000000		(0,0)	(1,0)	(2,0)	(3,0)	(4,0)	(5,0)	(6,0)	(7,0)	(8,0)	(9,0)	(10,0)	(11,0)	(12,0)	(13,0)	(14,0)	(15,0)	(16,0)	(17,0)	(17,1)	(17,2)	(17,3)	(17,4)	(17,5)	(17,6)	
391079		 10				 0.100000			 1.000000		(17,6)	(17,7)	(16,7)	(15,7)	(14,7)	(13,7)	(12,7)	(11,7)	(10,7)	(9,7)	(9,6)	
380057		 0				 0.000000			 0.000000		(9,6)	
179949		 0				 0.000000			 0.000000		(9,6)	
1044876		 8				 0.700000			 5.600000		(9,6)	(9,7)	(8,7)	(7,7)	(7,8)	(7,9)	(7,10)	(7,11)	(7,12)	
end			 14				 0.700000			 9.800000		(7,12)	(7,13)	(6,13)	(5,13)	(4,13)	(3,13)	(2,13)	(1,13)	(1,14)	(1,15)	(1,16)	(1,17)	(1,18)	(1,19)	(1,20)	
Total Distance = 55	 Total Effort = 16.400000
99999999 10 10 10 18 15 
10 99999999 99999999 99999999 8 25 
10 99999999 99999999 99999999 8 25 
10 99999999 99999999 99999999 8 25 
18 8 8 8 99999999 33 
15 25 25 25 33 99999999 
Order = ID 0 = index 0 Order = ID 1 = index 1 Order = ID 2 = index 2 Order = ID 3 = index 3 Order = ID 4 = index 4 Order = ID 5 = index 5 

Original
R0
99999999 10 10 10 18 15 
10 99999999 99999999 99999999 8 25 
10 99999999 99999999 99999999 8 25 
10 99999999 99999999 99999999 8 25 
18 8 8 8 99999999 33 
15 25 25 25 33 99999999 

Init Reduce
R1
99999989 0 0 0 8 0 
2 99999991 99999991 99999991 0 12 
2 99999991 99999991 99999991 0 12 
2 99999991 99999991 99999991 0 12 
10 0 0 0 99999991 20 
0 10 10 10 18 99999979 
LB 62
Before
0 1 2 3 4 5 
src = 0
After
1 2 3 4 5 index 1

 Null src
R1
99999989 0 0 0 8 0 
2 99999991 99999991 99999991 0 12 
2 99999991 99999991 99999991 0 12 
2 99999991 99999991 99999991 0 12 
10 0 0 0 99999991 20 
0 10 10 10 18 99999979 

Null dest for 1
R2
99999989 0 0 0 8 0 
99999999 99999999 99999991 99999991 0 12 
2 99999999 99999991 99999991 0 12 
2 99999999 99999991 99999991 0 12 
10 99999999 0 0 99999991 20 
0 99999999 10 10 18 99999979 
Cost 62

Null dest for 2
R2
99999989 99999999 99999999 99999999 99999999 99999987 
2 99999991 99999999 99999991 0 0 
99999999 99999991 99999999 99999991 0 0 
2 99999991 99999999 99999991 0 0 
10 0 99999999 0 99999991 8 
0 10 99999999 10 18 99999967 
Cost 74

Null dest for 3
R2
99999989 99999999 99999999 99999999 99999999 99999987 
2 99999991 99999991 99999999 0 0 
2 99999991 99999991 99999999 0 0 
99999999 99999991 99999991 99999999 0 0 
10 0 0 99999999 99999991 8 
0 10 10 99999999 18 99999967 
Cost 74

Null dest for 4
R2
99999989 99999999 99999999 99999999 99999999 99999989 
0 99999989 99999989 99999989 99999997 0 
0 99999989 99999989 99999989 99999997 0 
0 99999989 99999989 99999989 99999997 0 
99999999 0 0 0 99999999 10 
0 10 10 10 99999999 99999969 
Cost 86

Null dest for 5
R2
99999987 99999999 99999999 99999999 99999999 99999999 
0 99999991 99999991 99999991 0 99999999 
0 99999991 99999991 99999991 0 99999999 
0 99999991 99999991 99999991 0 99999999 
8 0 0 0 99999991 99999999 
99999987 0 0 0 8 99999989 
Cost 74

R2
99999989 99999999 99999999 99999999 99999999 99999987 
99999999 99999999 99999991 99999991 0 0 
2 99999999 99999991 99999991 0 0 
2 99999999 99999991 99999991 0 0 
10 99999999 0 0 99999991 8 
0 99999999 10 10 18 99999967 
Cost 74
Before
1 2 3 4 5 
src = 1
After
2 3 4 5 index 2

R2
99999989 99999999 99999999 99999999 99999999 99999987 
99999999 99999999 99999999 99999999 99999999 99999999 
2 99999999 99999991 99999991 0 0 
2 99999999 99999991 99999991 0 0 
10 99999999 0 0 99999991 8 
0 99999999 10 10 18 99999967 
Cost 74
left2 over 2
left2 over 3
left2 over 4
left2 over 5

Null dest for 2
R3
99999989 99999999 99999999 99999999 99999999 99999987 
99999999 99999999 99999999 99999999 99999999 99999999 
99999999 99999999 99999999 99999991 0 0 
2 99999999 99999999 99999991 0 0 
10 99999999 99999999 0 99999991 8 
0 99999999 99999999 10 18 99999967 
Cost 100000053

Null dest for 3
R3
99999989 99999999 99999999 99999999 99999999 99999987 
99999999 99999999 99999999 99999999 99999999 99999999 
2 99999999 99999991 99999999 0 0 
99999999 99999999 99999991 99999999 0 0 
10 99999999 0 99999999 99999991 8 
0 99999999 10 99999999 18 99999967 
Cost 100000065

Null dest for 4
R3
99999989 99999999 99999999 99999999 99999999 99999987 
99999999 99999999 99999999 99999999 99999999 99999999 
2 99999999 99999991 99999991 99999999 0 
2 99999999 99999991 99999991 99999999 0 
99999999 99999999 0 0 99999999 8 
0 99999999 10 10 99999999 99999967 
Cost 74

Null dest for 5
R3
99999987 99999999 99999999 99999999 99999999 99999987 
99999997 99999999 99999999 99999999 99999999 99999999 
0 99999999 99999991 99999991 0 99999999 
0 99999999 99999991 99999991 0 99999999 
8 99999999 0 0 99999991 99999999 
99999987 99999989 0 0 8 99999989 
Cost 86

R3
99999989 99999999 99999999 99999999 99999999 99999987 
99999999 99999999 99999999 99999999 99999999 99999999 
2 99999999 99999991 99999991 99999999 0 
2 99999999 99999991 99999991 99999999 0 
99999999 99999999 0 0 99999999 8 
0 99999999 10 10 99999999 99999967 
Cost 74
Before
2 3 4 5 
src = 4
After
2 3 5 index 3

R3
99999989 99999999 99999999 99999999 99999999 99999987 
99999999 99999999 99999999 99999999 99999999 99999999 
2 99999999 99999991 99999991 99999999 0 
2 99999999 99999991 99999991 99999999 0 
99999999 99999999 99999999 99999999 99999999 99999999 
0 99999999 10 10 99999999 99999967 
Cost 74
left3 over 2
left3 over 3
left3 over 5

Null dest for 2
R4
99999989 99999999 99999999 99999989 99999999 99999987 
99999999 99999999 99999999 99999989 99999999 99999999 
99999999 99999999 99999999 99999981 99999999 0 
2 99999999 99999999 99999981 99999999 0 
99999999 99999999 99999999 99999989 99999999 99999999 
0 99999999 99999999 0 99999999 99999967 
Cost 84

Null dest for 3
R4
99999989 99999999 99999989 99999999 99999999 99999987 
99999999 99999999 99999989 99999999 99999999 99999999 
2 99999999 99999981 99999999 99999999 0 
99999999 99999999 99999981 99999999 99999999 0 
99999999 99999999 99999989 99999999 99999999 99999999 
0 99999999 0 99999999 99999999 99999967 
Cost 84

Null dest for 5
R4
99999989 99999999 99999999 99999999 99999999 99999987 
99999999 99999999 99999999 99999999 99999999 99999999 
0 99999997 99999989 99999989 99999997 99999997 
0 99999997 99999989 99999989 99999997 99999997 
99999999 99999999 99999999 99999999 99999999 99999999 
99999989 99999989 0 0 99999989 99999989 
Cost 96

R4
99999989 99999999 99999999 99999989 99999999 99999987 
99999999 99999999 99999999 99999989 99999999 99999999 
99999999 99999999 99999999 99999981 99999999 0 
2 99999999 99999999 99999981 99999999 0 
99999999 99999999 99999999 99999989 99999999 99999999 
0 99999999 99999999 0 99999999 99999967 
Cost 94
Before
2 3 5 
src = 2
After
3 5 index 4

R4
99999989 99999999 99999999 99999989 99999999 99999987 
99999999 99999999 99999999 99999989 99999999 99999999 
99999999 99999999 99999999 99999999 99999999 99999999 
2 99999999 99999999 99999981 99999999 0 
99999999 99999999 99999999 99999989 99999999 99999999 
0 99999999 99999999 0 99999999 99999967 
Cost 94
left4 over 3
left4 over 5

Null dest for 3
R5
99999989 99999999 99999999 99999989 99999999 99999987 
99999999 99999999 99999999 99999989 99999999 99999999 
99999999 99999999 99999999 99999999 99999999 99999999 
99999999 99999999 99999999 99999999 99999999 0 
99999999 99999999 99999999 99999989 99999999 99999999 
0 99999999 99999999 99999999 99999999 99999967 
Cost 100000055

Null dest for 5
R5
99999989 99999999 99999999 99999989 99999999 99999987 
99999999 99999999 99999999 99999989 99999999 99999999 
99999999 99999999 99999999 99999999 99999999 99999999 
0 99999997 99999997 99999979 99999997 99999997 
99999999 99999999 99999999 99999989 99999999 99999999 
99999999 99999999 99999999 0 99999999 99999999 
Cost 96

R5
99999989 99999999 99999999 99999989 99999999 99999987 
99999999 99999999 99999999 99999989 99999999 99999999 
99999999 99999999 99999999 99999999 99999999 99999999 
0 99999997 99999997 99999979 99999997 99999997 
99999999 99999999 99999999 99999989 99999999 99999999 
99999999 99999999 99999999 0 99999999 99999999 
Cost 98
Before
3 5 
src = 5
After
3 index 5

R5
99999989 99999999 99999999 99999989 99999999 99999987 
99999999 99999999 99999999 99999989 99999999 99999999 
99999999 99999999 99999999 99999999 99999999 99999999 
0 99999997 99999997 99999979 99999997 99999997 
99999999 99999999 99999999 99999989 99999999 99999999 
99999999 99999999 99999999 99999999 99999999 99999999 
Cost 98
left5 over 3

Null dest for 3
R6
99999989 99999999 99999999 99999989 99999999 99999987 
99999999 99999999 99999999 99999989 99999999 99999999 
99999999 99999999 99999999 99999999 99999999 99999999 
99999999 99999999 99999999 99999999 99999999 99999999 
99999999 99999999 99999999 99999989 99999999 99999999 
99999999 99999999 99999999 99999999 99999999 99999999 
Cost 94

R6
99999989 99999999 99999999 99999989 99999999 99999987 
99999999 99999999 99999999 99999989 99999999 99999999 
99999999 99999999 99999999 99999999 99999999 99999999 
99999999 99999999 99999999 99999999 99999999 99999999 
99999999 99999999 99999999 99999989 99999999 99999999 
99999999 99999999 99999999 99999999 99999999 99999999 
Cost 94
Before
3 
src = 3
After
3 index 5

R6
99999989 99999999 99999999 99999989 99999999 99999987 
99999999 99999999 99999999 99999989 99999999 99999999 
99999999 99999999 99999999 99999999 99999999 99999999 
99999999 99999999 99999999 99999999 99999999 99999999 
99999999 99999999 99999999 99999989 99999999 99999999 
99999999 99999999 99999999 99999999 99999999 99999999 
Cost 94
left6 over 3

Null dest for 3
R7
99999989 99999999 99999999 99999989 99999999 99999987 
99999999 99999999 99999999 99999989 99999999 99999999 
99999999 99999999 99999999 99999999 99999999 99999999 
99999999 99999999 99999999 99999999 99999999 99999999 
99999999 99999999 99999999 99999989 99999999 99999999 
99999999 99999999 99999999 99999999 99999999 99999999 
Cost 100000097

R7
99999999 99999999 99999999 99999999 99999999 99999999 
99999999 99999999 99999999 99999989 99999999 99999999 
99999999 99999999 99999999 99999999 99999999 99999999 
99999999 99999999 99999999 99999999 99999999 99999999 
99999999 99999999 99999999 99999989 99999999 99999999 
99999999 99999999 99999999 99999999 99999999 99999999 
Cost 0
Before
3 
src = 3
After
3 index 5

R7
99999999 99999999 99999999 99999999 99999999 99999999 
99999999 99999999 99999999 99999989 99999999 99999999 
99999999 99999999 99999999 99999999 99999999 99999999 
99999999 99999999 99999999 99999999 99999999 99999999 
99999999 99999999 99999999 99999989 99999999 99999999 
99999999 99999999 99999999 99999999 99999999 99999999 
Cost 0
left7 over 3
finalOrder 0 out 0
 finalOrder 179949 out 1
 finalOrder 405691 out 4
 finalOrder 380057 out 2
 finalOrder 1044876 out 5
 finalOrder 391079 out 3
 ---------------------------------------------------------------------
Order		 Distance	 Weight				 Effort			  Path
179949		 13				 0.000000			 0.000000		(0,0)	(1,0)	(2,0)	(3,0)	(4,0)	(5,0)	(6,0)	(7,0)	(7,1)	(7,2)	(7,3)	(7,4)	(7,5)	(7,6)	
405691		 12				 0.000000			 0.000000		(7,6)	(7,7)	(8,7)	(9,7)	(10,7)	(11,7)	(12,7)	(13,7)	(14,7)	(15,7)	(16,7)	(17,7)	(17,6)	
380057		 10				 0.000000			 0.000000		(17,6)	(17,7)	(16,7)	(15,7)	(14,7)	(13,7)	(12,7)	(11,7)	(10,7)	(9,7)	(9,6)	
1044876		 8				 0.700000			 5.600000		(9,6)	(9,7)	(8,7)	(7,7)	(7,8)	(7,9)	(7,10)	(7,11)	(7,12)	
391079		 6				 0.100000			 0.600000		(7,12)	(7,11)	(7,10)	(7,9)	(7,8)	(7,7)	(7,6)	
end			 20				 0.100000			 2.000000		(7,6)	(7,7)	(6,7)	(5,7)	(4,7)	(3,7)	(2,7)	(1,7)	(1,8)	(1,9)	(1,10)	(1,11)	(1,12)	(1,13)	(1,14)	(1,15)	(1,16)	(1,17)	(1,18)	(1,19)	(1,20)	
Total Distance = 69	 Total Effort = 8.200000
It took me 15214 clicks (0.015214 seconds).
