---------------------------------------------------------------------
Order		 Distance	 Weight				 Effort			  Path
1145658		 17				 2.600000			 44.200000		(0,0)	(1,0)	(2,0)	(3,0)	(4,0)	(5,0)	(5,1)	(5,2)	(5,3)	(5,4)	(5,5)	(5,6)	(5,7)	(5,8)	(5,9)	(5,10)	(5,11)	(5,12)	
1590703		 4				 2.000000			 8.000000		(5,12)	(5,11)	(6,11)	(7,11)	(7,10)	
1588573		 16				 2.500000			 40.000000		(7,10)	(7,9)	(8,9)	(9,9)	(10,9)	(11,9)	(12,9)	(13,9)	(14,9)	(15,9)	(16,9)	(17,9)	(18,9)	(19,9)	(19,8)	(19,7)	(19,6)	
304902		 8				 0.000000			 0.000000		(19,6)	(19,7)	(18,7)	(17,7)	(16,7)	(15,7)	(15,8)	(15,9)	(15,10)	
616588		 6				 6.500000			 39.000000		(15,10)	(15,9)	(14,9)	(13,9)	(12,9)	(11,9)	(11,8)	
204756		 6				 0.000000			 0.000000		(11,8)	(11,9)	(10,9)	(9,9)	(8,9)	(7,9)	(7,10)	
354453		 2				 0.000000			 0.000000		(7,10)	(7,9)	(7,8)	
156523		 8				 0.000000			 0.000000		(7,8)	(7,9)	(8,9)	(9,9)	(10,9)	(11,9)	(12,9)	(13,9)	(13,10)	
129049		 6				 0.000000			 0.000000		(13,10)	(13,11)	(12,11)	(11,11)	(10,11)	(9,11)	(9,10)	
19494		 2				 0.000000			 0.000000		(9,10)	(9,9)	(9,8)	
72830		 0				 0.000000			 0.000000		(9,8)	
207762		 0				 0.000000			 0.000000		(9,8)	
17032		 6				 2.000000			 12.000000		(9,8)	(9,9)	(10,9)	(11,9)	(12,9)	(13,9)	(13,8)	
end			 24				 2.000000			 48.000000		(13,8)	(13,9)	(12,9)	(11,9)	(10,9)	(9,9)	(8,9)	(7,9)	(6,9)	(5,9)	(4,9)	(3,9)	(2,9)	(1,9)	(1,10)	(1,11)	(1,12)	(1,13)	(1,14)	(1,15)	(1,16)	(1,17)	(1,18)	(1,19)	(1,20)	
Total Distance = 105	 Total Effort = 191.200000
1145658 1590703 1588573 304902 616588 204756 354453 156523 129049 19494 72830 207762 17032 ---------------------------------------------------------------------
Order		 Distance	 Weight				 Effort			  Path
17032		 21				 2.000000			 42.000000		(0,0)	(1,0)	(2,0)	(3,0)	(4,0)	(5,0)	(6,0)	(7,0)	(8,0)	(9,0)	(10,0)	(11,0)	(12,0)	(13,0)	(13,1)	(13,2)	(13,3)	(13,4)	(13,5)	(13,6)	(13,7)	(13,8)	
19494		 6				 0.000000			 0.000000		(13,8)	(13,9)	(12,9)	(11,9)	(10,9)	(9,9)	(9,8)	
72830		 0				 0.000000			 0.000000		(9,8)	
129049		 2				 0.000000			 0.000000		(9,8)	(9,9)	(9,10)	
156523		 6				 0.000000			 0.000000		(9,10)	(9,11)	(10,11)	(11,11)	(12,11)	(13,11)	(13,10)	
204756		 8				 0.000000			 0.000000		(13,10)	(13,11)	(12,11)	(11,11)	(10,11)	(9,11)	(8,11)	(7,11)	(7,10)	
207762		 4				 2.000000			 8.000000		(7,10)	(7,9)	(8,9)	(9,9)	(9,8)	
304902		 6				 0.000000			 0.000000		(9,8)	(9,9)	(10,9)	(11,9)	(12,9)	(13,9)	(13,10)	
354453		 8				 0.000000			 0.000000		(13,10)	(13,9)	(12,9)	(11,9)	(10,9)	(9,9)	(8,9)	(7,9)	(7,8)	
616588		 4				 6.500000			 26.000000		(7,8)	(7,9)	(8,9)	(9,9)	(9,8)	
1145658		 6				 2.600000			 15.600000		(9,8)	(9,9)	(8,9)	(7,9)	(7,10)	(7,11)	(7,12)	
1588573		 18				 2.500000			 45.000000		(7,12)	(7,11)	(8,11)	(9,11)	(10,11)	(11,11)	(12,11)	(13,11)	(14,11)	(15,11)	(16,11)	(17,11)	(18,11)	(19,11)	(19,10)	(19,9)	(19,8)	(19,7)	(19,6)	
1590703		 14				 2.000000			 28.000000		(19,6)	(19,7)	(18,7)	(17,7)	(16,7)	(15,7)	(14,7)	(13,7)	(12,7)	(11,7)	(10,7)	(9,7)	(9,8)	(9,9)	(9,10)	
end			 18				 2.000000			 36.000000		(9,10)	(9,11)	(8,11)	(7,11)	(6,11)	(5,11)	(4,11)	(3,11)	(2,11)	(1,11)	(1,12)	(1,13)	(1,14)	(1,15)	(1,16)	(1,17)	(1,18)	(1,19)	(1,20)	
Total Distance = 121	 Total Effort = 200.600000
