Pick a number: name items (1) or read from list(2)?
Give an order list number or type '101' to read the entire file
Include weight? Yes (1) or No (0)
---------------------------------------------------------------------
Order		 Distance	 Weight				 Effort			  Path
352109		 21				 0.000000			 0.000000		(0,0)	(1,0)	(2,0)	(3,0)	(4,0)	(5,0)	(6,0)	(7,0)	(8,0)	(9,0)	(9,1)	(9,2)	(9,3)	(9,4)	(9,5)	(9,6)	(9,7)	(9,8)	(9,9)	(9,10)	(9,11)	(9,12)	
397889		 0				 0.000000			 0.000000		(9,12)	
386850		 0				 0.000000			 0.000000		(9,12)	
380489		 2				 0.000000			 0.000000		(9,12)	(9,11)	(9,10)	
287261		 2				 0.000000			 0.000000		(9,10)	(9,9)	(9,8)	
end			 20				 0.000000			 0.000000		(9,8)	(9,9)	(8,9)	(7,9)	(6,9)	(5,9)	(4,9)	(3,9)	(2,9)	(1,9)	(1,10)	(1,11)	(1,12)	(1,13)	(1,14)	(1,15)	(1,16)	(1,17)	(1,18)	(1,19)	(1,20)	
Total Distance = 45	 Total Effort = 0.000000
99999999 99999999 99999999 2 6 29 
99999999 99999999 99999999 2 6 29 
99999999 99999999 99999999 2 6 29 
2 2 2 99999999 4 27 
6 6 6 4 99999999 27 
29 29 29 27 27 99999999 
Order = ID 0 = index 0 Order = ID 1 = index 1 Order = ID 2 = index 2 Order = ID 3 = index 3 Order = ID 4 = index 4 Order = ID 5 = index 5 

Original
R0
99999999 99999999 99999999 2 6 29 
99999999 99999999 99999999 2 6 29 
99999999 99999999 99999999 2 6 29 
2 2 2 99999999 4 27 
6 6 6 4 99999999 27 
29 29 29 27 27 99999999 

Init Reduce
R1
99999997 99999997 99999997 0 4 4 
99999997 99999997 99999997 0 4 4 
99999997 99999997 99999997 0 4 4 
0 0 0 99999997 2 2 
2 2 2 0 99999995 0 
2 2 2 0 0 99999949 
LB 62
Before
0 1 2 3 4 5 
src = 0
After
1 2 3 4 5 index 1

 Null src
R1
99999997 99999997 99999997 0 4 4 
99999997 99999997 99999997 0 4 4 
99999997 99999997 99999997 0 4 4 
0 0 0 99999997 2 2 
2 2 2 0 99999995 0 
2 2 2 0 0 99999949 

Null dest for 1
R2
99999997 99999997 99999997 0 4 4 
99999999 99999999 99999997 0 4 4 
99999997 99999999 99999997 0 4 4 
0 99999999 0 99999997 2 2 
2 99999999 2 0 99999995 0 
2 99999999 2 0 0 99999949 
Cost 100000059

Null dest for 2
R2
99999997 99999999 99999999 99999999 99999999 99999999 
99999997 99999997 99999999 0 4 4 
99999999 99999997 99999999 0 4 4 
0 0 99999999 99999997 2 2 
2 2 99999999 0 99999995 0 
2 2 99999999 0 0 99999949 
Cost 100000059

Null dest for 3
R2
99999995 99999999 99999999 99999999 99999999 99999999 
99999991 99999993 99999993 99999995 0 0 
99999991 99999993 99999993 99999995 0 0 
99999997 0 0 99999999 2 2 
0 2 2 99999999 99999995 0 
0 2 2 99999999 0 99999949 
Cost 72

Null dest for 4
R2
99999997 99999999 99999999 99999999 99999999 99999999 
99999997 99999997 99999997 0 99999999 4 
99999997 99999997 99999997 0 99999999 4 
0 0 0 99999997 99999999 2 
99999999 2 2 0 99999999 0 
2 2 2 0 99999999 99999949 
Cost 66

Null dest for 5
R2
99999997 99999999 99999999 99999999 99999999 99999999 
99999997 99999997 99999997 0 4 99999999 
99999997 99999997 99999997 0 4 99999999 
0 0 0 99999997 2 99999999 
2 2 2 0 99999995 99999999 
99999999 2 2 0 0 99999999 
Cost 66

R2
99999997 99999999 99999999 99999999 99999999 99999999 
99999997 99999997 99999997 0 99999999 4 
99999997 99999997 99999997 0 99999999 4 
0 0 0 99999997 99999999 2 
99999999 2 2 0 99999999 0 
2 2 2 0 99999999 99999949 
Cost 66
Before
1 2 3 4 5 
src = 4
After
1 2 3 5 index 2

R2
99999997 99999999 99999999 99999999 99999999 99999999 
99999997 99999997 99999997 0 99999999 4 
99999997 99999997 99999997 0 99999999 4 
0 0 0 99999997 99999999 2 
99999999 99999999 99999999 99999999 99999999 99999999 
2 2 2 0 99999999 99999949 
Cost 66
left2 over 1
left2 over 2
left2 over 3
left2 over 5

Null dest for 1
R3
99999997 99999999 99999999 99999999 99999999 99999997 
99999999 99999999 99999997 0 99999999 2 
99999997 99999999 99999997 0 99999999 2 
0 99999999 0 99999997 99999999 0 
99999999 99999999 99999999 99999999 99999999 99999997 
2 99999999 2 0 99999999 99999947 
Cost 70

Null dest for 2
R3
99999997 99999999 99999999 99999999 99999999 99999997 
99999997 99999997 99999999 0 99999999 2 
99999999 99999997 99999999 0 99999999 2 
0 0 99999999 99999997 99999999 0 
99999999 99999999 99999999 99999999 99999999 99999997 
2 2 99999999 0 99999999 99999947 
Cost 70

Null dest for 3
R3
99999997 99999999 99999999 99999999 99999999 99999999 
99999993 99999993 99999993 99999995 99999995 0 
99999993 99999993 99999993 99999995 99999995 0 
99999999 0 0 99999999 99999999 2 
99999999 99999999 99999999 99999999 99999999 99999999 
0 0 0 99999997 99999997 99999947 
Cost 76

Null dest for 5
R3
99999997 99999999 99999999 99999999 99999999 99999999 
99999997 99999997 99999997 0 99999999 99999999 
99999997 99999997 99999997 0 99999999 99999999 
0 0 0 99999997 99999999 99999999 
99999999 99999999 99999999 99999999 99999999 99999999 
99999999 2 2 0 99999999 99999999 
Cost 66

R3
99999997 99999999 99999999 99999999 99999999 99999999 
99999997 99999997 99999997 0 99999999 99999999 
99999997 99999997 99999997 0 99999999 99999999 
0 0 0 99999997 99999999 99999999 
99999999 99999999 99999999 99999999 99999999 99999999 
99999999 2 2 0 99999999 99999999 
Cost 66
Before
1 2 3 5 
src = 5
After
1 2 3 index 3

R3
99999997 99999999 99999999 99999999 99999999 99999999 
99999997 99999997 99999997 0 99999999 99999999 
99999997 99999997 99999997 0 99999999 99999999 
0 0 0 99999997 99999999 99999999 
99999999 99999999 99999999 99999999 99999999 99999999 
99999999 99999999 99999999 99999999 99999999 99999999 
Cost 66
left3 over 1
left3 over 2
left3 over 3

Null dest for 1
R4
99999997 99999999 99999999 99999999 99999999 99999999 
99999999 99999999 99999997 0 99999999 99999999 
99999997 99999999 99999997 0 99999999 99999999 
0 99999999 0 99999997 99999999 99999999 
99999999 99999999 99999999 99999999 99999999 99999999 
99999999 99999999 99999999 99999999 99999999 99999999 
Cost 68

Null dest for 2
R4
99999997 99999999 99999999 99999999 99999999 99999999 
99999997 99999997 99999999 0 99999999 99999999 
99999999 99999997 99999999 0 99999999 99999999 
0 0 99999999 99999997 99999999 99999999 
99999999 99999999 99999999 99999999 99999999 99999999 
99999999 99999999 99999999 99999999 99999999 99999999 
Cost 68

Null dest for 3
R4
99999997 99999999 99999999 99999999 99999999 99999999 
99999997 99999997 99999997 99999999 99999999 99999999 
99999997 99999997 99999997 99999999 99999999 99999999 
99999999 0 0 99999999 99999999 99999999 
99999999 99999999 99999999 99999999 99999999 99999999 
99999999 99999999 99999999 99999999 99999999 99999999 
Cost 66

R4
99999997 99999999 99999999 99999999 99999999 99999999 
99999997 99999997 99999997 99999999 99999999 99999999 
99999997 99999997 99999997 99999999 99999999 99999999 
99999999 0 0 99999999 99999999 99999999 
99999999 99999999 99999999 99999999 99999999 99999999 
99999999 99999999 99999999 99999999 99999999 99999999 
Cost 66
Before
1 2 3 
src = 3
After
1 2 index 4

R4
99999997 99999999 99999999 99999999 99999999 99999999 
99999997 99999997 99999997 99999999 99999999 99999999 
99999997 99999997 99999997 99999999 99999999 99999999 
99999999 99999999 99999999 99999999 99999999 99999999 
99999999 99999999 99999999 99999999 99999999 99999999 
99999999 99999999 99999999 99999999 99999999 99999999 
Cost 66
left4 over 1
left4 over 2

Null dest for 1
R5
99999997 99999999 99999999 99999999 99999999 99999999 
99999999 99999999 99999997 99999999 99999999 99999999 
99999997 99999999 99999997 99999999 99999999 99999999 
99999999 99999999 99999999 99999999 99999999 99999999 
99999999 99999999 99999999 99999999 99999999 99999999 
99999999 99999999 99999999 99999999 99999999 99999999 
Cost 66

Null dest for 2
R5
99999997 99999999 99999999 99999999 99999999 99999999 
99999997 99999997 99999999 99999999 99999999 99999999 
99999999 99999997 99999999 99999999 99999999 99999999 
99999999 99999999 99999999 99999999 99999999 99999999 
99999999 99999999 99999999 99999999 99999999 99999999 
99999999 99999999 99999999 99999999 99999999 99999999 
Cost 66

R5
99999997 99999999 99999999 99999999 99999999 99999999 
99999999 99999999 99999997 99999999 99999999 99999999 
99999997 99999999 99999997 99999999 99999999 99999999 
99999999 99999999 99999999 99999999 99999999 99999999 
99999999 99999999 99999999 99999999 99999999 99999999 
99999999 99999999 99999999 99999999 99999999 99999999 
Cost 66
Before
1 2 
src = 1
After
2 index 5

R5
99999997 99999999 99999999 99999999 99999999 99999999 
99999999 99999999 99999999 99999999 99999999 99999999 
99999997 99999999 99999997 99999999 99999999 99999999 
99999999 99999999 99999999 99999999 99999999 99999999 
99999999 99999999 99999999 99999999 99999999 99999999 
99999999 99999999 99999999 99999999 99999999 99999999 
Cost 66
left5 over 2

Null dest for 2
R6
99999997 99999999 99999999 99999999 99999999 99999999 
99999999 99999999 99999999 99999999 99999999 99999999 
99999999 99999999 99999999 99999999 99999999 99999999 
99999999 99999999 99999999 99999999 99999999 99999999 
99999999 99999999 99999999 99999999 99999999 99999999 
99999999 99999999 99999999 99999999 99999999 99999999 
Cost 100000063

R6
99999999 99999999 99999999 99999999 99999999 99999999 
99999999 99999999 99999999 99999999 99999999 99999999 
99999999 99999999 99999997 99999999 99999999 99999999 
99999999 99999999 99999999 99999999 99999999 99999999 
99999999 99999999 99999999 99999999 99999999 99999999 
99999999 99999999 99999999 99999999 99999999 99999999 
Cost 0
Before
2 
src = 2
After
2 index 5

R6
99999999 99999999 99999999 99999999 99999999 99999999 
99999999 99999999 99999999 99999999 99999999 99999999 
99999999 99999999 99999997 99999999 99999999 99999999 
99999999 99999999 99999999 99999999 99999999 99999999 
99999999 99999999 99999999 99999999 99999999 99999999 
99999999 99999999 99999999 99999999 99999999 99999999 
Cost 0
left6 over 2

Null dest for 2
R7
99999999 99999999 99999999 99999999 99999999 99999999 
99999999 99999999 99999999 99999999 99999999 99999999 
99999999 99999999 99999999 99999999 99999999 99999999 
99999999 99999999 99999999 99999999 99999999 99999999 
99999999 99999999 99999999 99999999 99999999 99999999 
99999999 99999999 99999999 99999999 99999999 99999999 
Cost 200000064

R7
99999999 99999999 99999999 99999999 99999999 99999999 
99999999 99999999 99999999 99999999 99999999 99999999 
99999999 99999999 99999997 99999999 99999999 99999999 
99999999 99999999 99999999 99999999 99999999 99999999 
99999999 99999999 99999999 99999999 99999999 99999999 
99999999 99999999 99999999 99999999 99999999 99999999 
Cost 0
Before
2 
src = 2
After
2 index 5

R7
99999999 99999999 99999999 99999999 99999999 99999999 
99999999 99999999 99999999 99999999 99999999 99999999 
99999999 99999999 99999997 99999999 99999999 99999999 
99999999 99999999 99999999 99999999 99999999 99999999 
99999999 99999999 99999999 99999999 99999999 99999999 
99999999 99999999 99999999 99999999 99999999 99999999 
Cost 0
left7 over 2
order 0
order 4
order 5
order 3
order 1
order 2
mappint 287261 40
mappint 380489 49
mappint 352109 57
mappint 386850 57
mappint 397889 57
---------------------------------------------------------------------
Order		 Distance	 Weight				 Effort			  Path
287261		 15				 0.000000			 0.000000		(0,0)	(1,0)	(2,0)	(3,0)	(4,0)	(5,0)	(6,0)	(7,0)	(7,1)	(7,2)	(7,3)	(7,4)	(7,5)	(7,6)	(7,7)	(7,8)	
380489		 4				 0.000000			 0.000000		(7,8)	(7,9)	(8,9)	(9,9)	(9,10)	
352109		 2				 0.000000			 0.000000		(9,10)	(9,11)	(9,12)	
386850		 0				 0.000000			 0.000000		(9,12)	
397889		 0				 0.000000			 0.000000		(9,12)	
end			 16				 0.000000			 0.000000		(9,12)	(9,13)	(8,13)	(7,13)	(6,13)	(5,13)	(4,13)	(3,13)	(2,13)	(1,13)	(1,14)	(1,15)	(1,16)	(1,17)	(1,18)	(1,19)	(1,20)	
Total Distance = 37	 Total Effort = 0.000000
It took me 9796 clicks (0.009796 seconds).
