0 0
1 0
2 0
3 0
4 0
5 0
6 0
7 0
8 0
9 0
10 0
11 0
12 0
13 0
14 0
15 0
16 0
17 0
18 0
19 0
19 1
19 2
19 3
19 4
19 5
19 6
19 7
19 8
19 9
19 10
19 10
19 11
18 11
17 11
16 11
15 11
14 11
13 11
12 11
11 11
11 12
11 13
11 14
11 14
11 13
11 12
11 11
11 10
11 9
11 8
11 7
11 6
11 6
11 6
11 6
11 7
10 7
9 7
8 7
7 7
6 7
5 7
4 7
3 7
2 7
1 7
1 8
1 9
1 10
1 11
1 12
1 13
1 14
1 15
1 16
1 17
1 18
1 19
1 20
0 0
1 0
2 0
3 0
4 0
5 0
6 0
7 0
8 0
9 0
9 1
9 2
9 3
9 4
9 5
9 6
9 6
9 6
9 7
10 7
11 7
11 6
11 6
11 7
12 7
13 7
14 7
15 7
16 7
17 7
18 7
19 7
19 8
19 9
19 10
19 10
19 11
18 11
17 11
16 11
15 11
14 11
13 11
12 11
11 11
11 12
11 13
11 14
11 14
11 15
10 15
9 15
8 15
7 15
6 15
5 15
4 15
3 15
2 15
1 15
1 16
1 17
1 18
1 19
1 20
0 0
1 0
2 0
3 0
4 0
5 0
6 0
7 0
8 0
9 0
10 0
11 0
12 0
13 0
14 0
15 0
16 0
17 0
18 0
19 0
19 1
19 2
19 3
19 4
19 5
19 6
19 7
19 8
19 9
19 10
19 10
19 11
18 11
17 11
16 11
15 11
14 11
13 11
12 11
11 11
11 12
11 13
11 14
11 14
11 13
11 12
11 11
11 10
11 9
11 8
11 7
11 6
11 6
11 6
11 6
11 7
10 7
9 7
8 7
7 7
6 7
5 7
4 7
3 7
2 7
1 7
1 8
1 9
1 10
1 11
1 12
1 13
1 14
1 15
1 16
1 17
1 18
1 19
1 20
0 0
1 0
2 0
3 0
4 0
5 0
6 0
7 0
8 0
9 0
9 1
9 2
9 3
9 4
9 5
9 6
9 6
9 6
9 7
10 7
11 7
11 6
11 6
11 7
12 7
13 7
14 7
15 7
16 7
17 7
18 7
19 7
19 8
19 9
19 10
19 10
19 11
18 11
17 11
16 11
15 11
14 11
13 11
12 11
11 11
11 12
11 13
11 14
11 14
11 15
10 15
9 15
8 15
7 15
6 15
5 15
4 15
3 15
2 15
1 15
1 16
1 17
1 18
1 19
1 20
