1117760		 22				 31.000000			 682.000000		(0,0)	(1,0)	(2,0)	(3,0)	(4,0)	(5,0)	(6,0)	(7,0)	(8,0)	(9,0)	(10,0)	(11,0)	(12,0)	(13,0)	(14,0)	(15,0)	(16,0)	(17,0)	(18,0)	(19,0)	(20,0)	(21,0)	(21,1)	
102601		 9				 0.000000			 0.000000		(21,1)	(21,2)	(21,3)	(20,3)	(19,3)	(18,3)	(17,3)	(16,3)	(15,3)	(15,2)	
222340		 0				 0.000000			 0.000000		(15,2)	
112167		 8				 0.000000			 0.000000		(15,2)	(15,3)	(14,3)	(13,3)	(12,3)	(11,3)	(10,3)	(9,3)	(9,4)	
end			 24				 0.000000			 0.000000		(9,4)	(9,5)	(8,5)	(7,5)	(6,5)	(5,5)	(4,5)	(3,5)	(2,5)	(1,5)	(1,6)	(1,7)	(1,8)	(1,9)	(1,10)	(1,11)	(1,12)	(1,13)	(1,14)	(1,15)	(1,16)	(1,17)	(1,18)	(1,19)	(1,20)	
Total Distance = 63	 Total Effort = 682.000000
1117760 102601 222340 112167 ---------------------------------------------------------------------
Order		 Distance	 Weight				 Effort			  Path
1117760		 22				 31.000000			 682.000000		(0,0)	(1,0)	(2,0)	(3,0)	(4,0)	(5,0)	(6,0)	(7,0)	(8,0)	(9,0)	(10,0)	(11,0)	(12,0)	(13,0)	(14,0)	(15,0)	(16,0)	(17,0)	(18,0)	(19,0)	(20,0)	(21,0)	(21,1)	
102601		 9				 0.000000			 0.000000		(21,1)	(21,2)	(21,3)	(20,3)	(19,3)	(18,3)	(17,3)	(16,3)	(15,3)	(15,2)	
222340		 0				 0.000000			 0.000000		(15,2)	
112167		 8				 0.000000			 0.000000		(15,2)	(15,3)	(14,3)	(13,3)	(12,3)	(11,3)	(10,3)	(9,3)	(9,4)	
end			 24				 0.000000			 0.000000		(9,4)	(9,5)	(8,5)	(7,5)	(6,5)	(5,5)	(4,5)	(3,5)	(2,5)	(1,5)	(1,6)	(1,7)	(1,8)	(1,9)	(1,10)	(1,11)	(1,12)	(1,13)	(1,14)	(1,15)	(1,16)	(1,17)	(1,18)	(1,19)	(1,20)	
Total Distance = 63	 Total Effort = 682.000000
INDEX 11
