Pick a number: name items (1) or read from list(2)?
Give an order list number or type '101' to read the entire file
Include weight? Yes (1) or No (0)
---------------------------------------------------------------------
Order		 Distance	 Weight				 Effort			  Path
352109		 21				 0.000000			 0.000000		(0,0)	(1,0)	(2,0)	(3,0)	(4,0)	(5,0)	(6,0)	(7,0)	(8,0)	(9,0)	(9,1)	(9,2)	(9,3)	(9,4)	(9,5)	(9,6)	(9,7)	(9,8)	(9,9)	(9,10)	(9,11)	(9,12)	
397889		 0				 0.000000			 0.000000		(9,12)	
386850		 0				 0.000000			 0.000000		(9,12)	
380489		 2				 0.000000			 0.000000		(9,12)	(9,11)	(9,10)	
287261		 2				 0.000000			 0.000000		(9,10)	(9,9)	(9,8)	
end			 20				 0.000000			 ---------------------------------------------------------------------
Order		 Distance	 Weight				 Effort			  Path
287261		 15				 0.000000			 0.000000		(0,0)	(1,0)	(2,0)	(3,0)	(4,0)	(5,0)	(6,0)	(7,0)	(7,1)	(7,2)	(7,3)	(7,4)	(7,5)	(7,6)	(7,7)	(7,8)	
380489		 4				 0.000000			 0.000000		(7,8)	(7,9)	(8,9)	(9,9)	(9,10)	
352109		 2				 0.000000			 0.000000		(9,10)	(9,11)	(9,12)	
386850		 0				 0.000000			 0.000000		(9,12)	
397889		 0				 0.000000			 0.000000		(9,12)	
end			 16				 0.000000			 0.000000		(9,12)	(9,13)	(8,13)	(7,13)	(6,13)	(5,13)	(4,13)	(3,13)	(2,13)	(1,13)	(1,14)	(1,15)	(1,16)	(1,17)	(1,18)	(1,19)	(1,20)	
Total Distance = 37	 Total Effort = 0.000000
It took me 11900 clicks (0.011900 seconds).
